0.001 2.309882825745981e-05
0.008012024048096193 0.0016469492467391313
0.015024048096192386 0.0063462530025771065
0.022036072144288578 0.014781280174367565
0.02904809619238477 0.027507943657868458
0.03606012024048096 0.044959621927286905
0.043072144288577155 0.06744184628257255
0.05008416833667335 0.0951380132631221
0.05709619238476954 0.12812312025404465
0.06410821643286574 0.16638214624596318
0.07112024048096192 0.20982994053153353
0.07813226452905811 0.258330138349527
0.08514428857715431 0.31171147415623646
0.09215631262525051 0.3697807146797074
0.0991683366733467 0.43233214380057505
0.10618036072144288 0.49915402381254315
0.11319238476953908 0.5700327177772117
0.12020440881763528 0.6447552160484364
0.12721643286573148 0.7231107230868764
0.13422845691382765 0.8048917922471583
0.14124048096192385 0.8898953032552571
0.14825250501002005 0.9779234012519178
0.15526452905811622 1.0687843810409499
0.16227655310621242 1.1622934123373612
0.16928857715430862 1.2582729556163994
0.17630060120240482 1.3565527006212608
0.18331262525050102 1.4569688556133011
0.1903246492985972 1.5593626121877688
0.1973366733466934 1.6635776003640257
0.20434869739478959 1.7694561311249242
0.21136072144288576 1.8768340054228225
0.21837274549098196 1.9855336631165845
0.22538476953907816 2.0953554698396593
0.23239679358717436 2.2060670128852173
0.23940881763527055 2.317390414152639
0.24642084168336673 2.4289878767621076
0.25343286573146295 2.5404459581920955
0.2604448897795591 2.6512593883800046
0.2674569138276553 2.760815592748511
0.2744689378757515 2.868381391302568
0.2814809619238477 2.9730935717911118
0.2884929859719439 3.0739551234456886
0.2955050100200401 3.169838823201005
0.3025170340681363 3.259499562119349
0.30952905811623244 3.3415962851833463
0.31654108216432864 3.4147237213988393
0.32355310621242483 3.477453260792058
0.33056513026052103 3.5283814712208192
0.33757715430861723 3.566183935334052
0.34458917835671343 3.5896714219388843
0.35160120240480963 3.5978449696709665
0.35861322645290583 3.589946313328237
0.36562525050100203 3.5655002510592158
0.3726372745490982 3.524346023965139
0.3796492985971944 3.4666555138021926
0.3866613226452906 3.392936985880902
0.39367334669338677 3.304024120719704
0.40068537074148297 3.2010510904803176
0.40769739478957917 3.0854153509662767
0.41470941883767537 2.9587305591329787
0.4217214428857715 2.8227725352786748
0.4287334669338677 2.67942144151951
0.4357454909819639 2.530603344698133
0.4427575150300601 2.3782340980433547
0.4497695390781563 2.224168056155623
0.4567815631262525 2.0701535885689237
0.4637935871743487 1.917796738982507
0.4708056112224449 1.768533748619198
0.4778176352705411 1.6236125735480522
0.48482965931863725 1.4840830161611536
0.49184168336673345 1.350794685928635
0.49885370741482965 1.224401716288705
0.5058657314629259 1.105372993238702
0.512877755511022 0.994006587349725
0.5198897795591182 0.8904471081330873
0.5269018036072144 0.7947047976024869
0.5339138276553106 0.7066753268946263
0.5409258517034068 0.626159435255287
0.547937875751503 0.5528817364104284
0.5549498997995992 0.4865081986578942
0.5619619238476954 0.4266619711615529
0.5689739478957916 0.37293737295907914
0.5759859719438878 0.324911979580618
0.582997995991984 0.28215683419964804
0.5900100200400802 0.24424487728501132
0.5970220440881764 0.21075773358483071
0.6040340681362726 0.18129102151713639
0.6110460921843688 0.1554583614993434
0.6180581162324649 0.13289426012724234
0.6250701402805611 0.11325603974101278
0.6320821643286573 0.09622497059291159
0.6390941883767535 0.0815067477830892
0.6461062124248497 0.06883143901879317
0.6531182364729459 0.057953013238067896
0.6601302605210421 0.048648544963860875
0.6671422845691383 0.04071717533382101
0.6741543086172345 0.03397889826291509
0.6811663326653307 0.02827322915800667
0.6881783567134269 0.023457803936454833
0.6951903807615231 0.019406947675981882
0.7022024048096193 0.01601024489588154
0.7092144288577155 0.013171137100320548
0.7162264529058117 0.01080556767941775
0.7232384769539079 0.008840689459694495
0.7302505010020041 0.007213646039092289
0.7372625250501001 0.005870434466701301
0.7442745490981963 0.004764853780140244
0.7512865731462925 0.00385754134931951
0.7582985971943887 0.0031150968542996427
0.765310621242485 0.0025092920096298627
0.7723226452905811 0.002016362800953551
0.7793346693386773 0.0016163799844796762
0.7863466933867735 0.0012926928782646737
0.7933587174348697 0.001031441008018893
0.8003707414829659 0.000821127921624565
0.8073827655310621 0.0006522514191604841
0.8143947895791583 0.0005169845243188225
0.8214068136272545 0.0004089017166010235
0.8284188376753507 0.0003227452226206777
0.8354308617234469 0.00025422650368549373
0.842442885771543 0.00019985845363672676
0.8494549098196392 0.00015681421734157951
0.8564669338677354 0.000122808941360501
0.8634789579158316 9.600116244969678e-05
0.8704909819639278 7.49109178987638e-05
0.877503006012024 5.8352017960334046e-05
0.8845150300601202 4.537625066959996e-05
0.8915270541082164 3.522759082236107e-05
0.8985390781563126 2.7304756853960043e-05
0.9055511022044088 2.113070201866918e-05
0.912563126252505 1.6327840614376387e-05
0.9195751503006012 1.2597997617166327e-05
0.9265871743486974 9.706232950326445e-06
0.9335991983967936 7.467831893952534e-06
0.9406112224448898 5.737873113371245e-06
0.947623246492986 4.402887705569447e-06
0.9546352705410822 3.3742087102804203e-06
0.9616472945891783 2.5826827544787114e-06
0.9686593186372745 1.9744757840055e-06
0.9756713426853707 1.5077548959439307e-06
0.9826833667334669 1.1500696506001498e-06
0.9896953907815631 8.762902638024954e-07
0.9967074148296593 6.669879389063069e-07
1.0037194388777555 5.071653142117242e-07
1.0107314629258517 3.8526345074777346e-07
1.0177434869739477 2.9238671209109376e-07
1.0247555110220439 2.2169892081142144e-07
1.03176753507014 1.6795384267019296e-07
1.0387795591182363 1.271307895038872e-07
1.0457915831663325 9.61523092110502e-08
1.0528036072144287 7.266584685055306e-08
1.0598156312625249 5.487516097041459e-08
1.066827655310621 4.141036509788776e-08
1.0738396793587173 3.122789934244747e-08
1.0808517034068135 2.3533653633202285e-08
1.0878637274549097 1.772396891837452e-08
1.0948757515030059 1.3340421382222768e-08
1.101887775551102 1.003521595742663e-08
1.1088997995991983 7.544733822182913e-09
1.1159118236472945 5.669337654534621e-09
1.1229238476953907 4.257972637276104e-09
1.1299358717434869 3.196437803496108e-09
1.136947895791583 2.398462752481235e-09
1.1439599198396793 1.7989259221432148e-09
1.1509719438877755 1.3487057072991427e-09
1.1579839679358717 1.0107751109565085e-09
1.1649959919839679 7.572423833136849e-10
1.172008016032064 5.671105280371617e-10
1.1790200400801603 4.2458252291572786e-10
1.1860320641282565 3.1778040048695046e-10
1.1930440881763527 2.3777789552949957e-10
1.2000561122244489 1.7787045525919843e-10
1.207068136272545 1.3302477114021763e-10
1.2140801603206413 9.946397290246687e-11
1.2210921843687375 7.43552589630777e-11
1.2281042084168337 5.557481592416938e-11
1.2351162324649296 4.153101073205829e-11
1.2421282565130258 3.1031487305486363e-11
1.249140280561122 2.318332017191455e-11
1.2561523046092182 1.73180419369252e-11
1.2631643286573144 1.2935375821894216e-11
1.2701763527054106 9.66102628073045e-12
1.2771883767535068 7.215029402598695e-12
1.284200400801603 5.388031224717362e-12
1.2912124248496992 4.0235151067839516e-12
1.2982244488977954 3.0044911689233956e-12
1.3052364729458916 2.2435310031198187e-12
1.3122484969939878 1.6753093416226018e-12
1.319260521042084 1.2510237098119395e-12
1.3262725450901802 9.34220376480821e-13
1.3332845691382764 6.976730229076649e-13
1.3402965931863726 5.210491961181507e-13
1.3473086172344688 3.8916610939354545e-13
1.354320641282565 2.9068721432134327e-13
1.3613326653306612 2.1714833934769418e-13
1.3683446893787574 1.622301873723733e-13
1.3753567134268536 1.212149522389907e-13
1.3823687374749498 9.058051065483883e-14
1.389380761523046 6.769739304315733e-14
1.3963927855711422 5.060252516053986e-14
1.4034048096192384 3.7830305241537096e-14
1.4104168336673346 2.828649608538597e-14
1.4174288577154308 2.115408531201457e-14
1.424440881763527 1.5823012631745798e-14
1.4314529058116232 1.1837714468074217e-14
1.4384649298597194 8.85796882960749e-15
1.4454769539078156 6.629668013174509e-15
1.4524889779559118 4.96300156553058e-15
1.459501002004008 3.716170235631096e-15
1.466513026052104 2.7832282063142758e-15
1.4735250501002002 2.0850066526680855e-15
1.4805370741482964 1.5623372304903746e-15
1.4875490981963926 1.1709923079780662e-15
1.4945611222444888 8.779066876807928e-16
1.501573146292585 6.583559713358261e-16
1.5085851703406812 4.938491152723293e-16
1.5155971943887774 3.705542140644392e-16
1.5226092184368736 2.781224389007263e-16
1.5296212424849698 2.088093034268716e-16
1.536633266533066 1.568179880538091e-16
1.5436452905811622 1.1780852870585954e-16
1.5506573146292584 8.853091299049966e-17
1.5576693386773546 6.655075350447831e-17
1.5646813627254508 5.004414053390406e-17
1.571693386773547 3.764419831360467e-17
1.5787054108216432 2.83262903334516e-17
1.5857174348697394 2.1322120508356035e-17
1.5927294589178356 1.6055442364212713e-17
1.5997414829659318 1.2093929665835831e-17
1.606753507014028 9.113137284661159e-18
1.6137655310621242 6.869508612572412e-18
1.6207775551102204 5.180153575990979e-18
1.6277895791583166 3.9076950553244274e-18
1.6348016032064128 2.9489103633961815e-18
1.641813627254509 2.2262150367274437e-18
1.6488256513026052 1.6812759150124891e-18
1.6558376753507014 1.2702197661425277e-18
1.6628496993987976 9.600378227744145e-19
1.6698617234468938 7.258869355921786e-19
1.67687374749499 5.490631382296666e-19
1.683885771543086 4.154796260140299e-19
1.6908977955911821 3.145232336269701e-19
1.6979098196392783 2.3819501245435397e-19
1.7049218436873745 1.804641162500445e-19
1.7119338677354707 1.3678189255433884e-19
1.718945891783567 1.0371633463631547e-19
1.7259579158316631 7.867698746570643e-20
1.7329699398797593 5.970785414604789e-20
1.7399819639278555 4.5331439675478506e-20
1.7469939879759517 3.443126349584582e-20
1.754006012024048 2.61633204917642e-20
1.7610180360721441 1.9889333654646404e-20
1.7680300601202403 1.5126416638318873e-20
1.7750420841683365 1.1509097868389459e-20
1.7820541082164327 8.76065989622006e-21
1.789066132264529 6.6715009184348296e-21
1.7960781563126251 5.082791774305598e-21
1.8030901803607213 3.874127772134515e-21
1.8101022044088175 2.9541952688627915e-21
1.8171142284569137 2.2537142243920825e-21
1.82412625250501 1.7200996403808637e-21
1.8311382765531061 1.3134216456805068e-21
1.8381503006012023 1.00334710767895e-21
1.8451623246492985 7.668233743028735e-22
1.8521743486973947 5.863233587988369e-22
1.859186372745491 4.485153871975912e-22
1.8661983967935871 3.4325458670812646e-22
1.8732104208416833 2.628177741700481e-22
1.8802224448897795 2.013228188355138e-22
1.8872344689378757 1.5428781829622204e-22
1.894246492985972 1.1829628185229032e-22
1.9012585170340681 9.074272239654881e-23
1.9082705410821643 6.963926463023767e-23
1.9152825651302603 5.346857337827824e-23
1.9222945891783565 4.1071960068703326e-23
1.9293066132264527 3.156421669557323e-23
1.936318637274549 2.4268765167273078e-23
1.943330661322645 1.86682547526087e-23
1.9503426853707413 1.436691144421785e-23
1.9573547094188375 1.1061831223467572e-23
1.9643667334669337 8.521083066621382e-24
1.97137875751503 6.566998999085967e-24
1.978390781563126 5.0634168755414346e-24
1.9854028056112223 3.905936586262998e-24
1.9924148296593185 3.014474594085054e-24
1.9994268537074147 2.3275721627348907e-24
2.006438877755511 1.798042284749725e-24
2.013450901803607 1.3896389673192291e-24
2.0204629258517035 1.0745076299844029e-24
2.0274749498997995 8.312325574700285e-25
2.0344869739478955 6.433409222149461e-25
2.041498997995992 4.981561013235554e-25
2.048511022044088 3.8591833637176405e-25
2.0555230460921843 2.9911010286039353e-25
2.0625350701402803 2.319382995945174e-25
2.0695470941883767 1.7993662513853367e-25
2.0765591182364727 1.396601070106149e-25
2.083571142284569 1.084503200713252e-25
2.090583166332665 8.42548539999141e-26
2.0975951903807615 6.548843189952685e-26
2.1046072144288575 5.0926022003213837e-26
2.111619238476954 3.962053501182572e-26
2.11863126252505 3.0839423187883534e-26
2.1256432865731463 2.4015817925775708e-26
2.1326553106212423 1.8710854790228853e-26
2.1396673346693387 1.4584611290396197e-26
2.1466793587174346 1.1373678218714937e-26
2.153691382765531 8.873842503734229e-27
2.160703406813627 6.92671054179566e-27
2.1677154308617235 5.4093706319329865e-27
2.1747274549098194 4.2264003901130026e-27
2.181739478957916 3.303684377022117e-27
2.188751503006012 2.5836297604247653e-27
2.1957635270541083 2.0214621755797894e-27
2.2027755511022042 1.5823565853510403e-27
2.2097875751503007 1.239213893755841e-27
2.2167995991983966 9.709371850857917e-28
2.223811623246493 7.61094703949896e-28
2.230823647294589 5.968823327794546e-28
2.2378356713426855 4.68318109784724e-28
2.2448476953907814 3.676166057495138e-28
2.2518597194388774 2.8870277614177383e-28
2.258871743486974 2.2683402147554283e-28
2.26588376753507 1.7830623636150868e-28
2.2728957915831662 1.4022507822157694e-28
2.279907815631262 1.1032790398154176e-28
2.2869198396793586 8.684508767534057e-29
2.2939318637274546 6.839196015391948e-29
2.300943887775551 5.388457096184003e-29
2.307955911823647 4.247399083933976e-29
2.3149679358717434 3.3495050800733437e-29
2.3219799599198394 2.6426327279239495e-29
2.328991983967936 2.0858891900592758e-29
2.336004008016032 1.64718950637046e-29
2.3430160320641282 1.301348026787829e-29
2.350028056112224 1.0285858593257194e-29
2.3570400801603206 8.133631258960816e-30
2.3640521042084166 6.434649290031819e-30
2.371064128256513 5.0928558395445456e-30
2.378076152304609 4.0326785777618646e-30
2.3850881763527054 3.1946344892419355e-30
2.3921002004008014 2.531883398226413e-30
2.399112224448898 2.0075242214679482e-30
2.406124248496994 1.5924729375979373e-30
2.41313627254509 1.2637963702593545e-30
2.420148296593186 1.0034032912166186e-30
2.4271603206412826 7.970157574102914e-31
2.4341723446893786 6.333603238508821e-31
2.441184368737475 5.035318511658759e-31
2.448196392785571 4.004928539193058e-31
2.4552084168336674 3.186793380136322e-31
2.4622204408817634 2.5369033943826084e-31
2.4692324649298594 2.0204328208838885e-31
2.476244488977956 1.6098111566077342e-31
2.4832565130260518 1.2832020705629712e-31
2.490268537074148 1.0233032094062463e-31
2.497280561122244 8.163987828651899e-32
2.5042925851703406 6.516113617982837e-32
2.5113046092184366 5.20310741998322e-32
2.518316633266533 4.156466978773988e-32
2.525328657314629 3.321795003070593e-32
2.5323406813627254 2.655876158447816e-32
2.5393527054108214 2.1243636446125734e-32
2.546364729458918 1.699947436925063e-32
2.5533767535070138 1.360903280308666e-32
2.56038877755511 1.0899427955302141e-32
2.567400801603206 8.733018184944502e-33
2.5744128256513026 7.000173050737276e-33
2.5814248496993986 5.613535529734559e-33
2.588436873747495 4.503467121447114e-33
2.595448897795591 3.61443043188718e-33
2.6024609218436874 2.9021150621885203e-33
2.6094729458917834 2.3311530963476195e-33
2.61648496993988 1.873302465919588e-33
2.6234969939879758 1.5060017566295414e-33
2.630509018036072 1.2112200232642714e-33
2.637521042084168 9.745410064810011e-34
2.6445330661322646 7.844336747212002e-34
2.6515450901803606 6.316709375524656e-34
2.658557114228457 5.088662389840735e-34
2.665569138276553 4.101039712685512e-34
2.6725811623246494 3.3064459152391754e-34
2.6795931863727454 2.666892439234432e-34
2.6866052104208418 2.1519180161472077e-34
2.6936172344689377 1.7370871292164985e-34
2.7006292585170337 1.4027899863457343e-34
2.70764128256513 1.1332830647493107e-34
2.714653306613226 9.159216840044171e-35
2.7216653306613225 7.405459225215027e-35
2.7286773547094185 5.989890360222245e-35
2.735689378757515 4.8468377974804e-35
2.742701402805611 3.92347007427272e-35
2.7497134268537073 3.1772688022039e-35
2.7567254509018033 2.57400174887254e-35
2.7637374749498997 2.0860969660031424e-35
2.7707494989979957 1.691338087042283e-35
2.777761523046092 1.371816930348663e-35
2.784773547094188 1.1130923263819974e-35
2.7917855711422845 9.035142947157039e-36
2.7987975951903805 7.336808512424965e-36
2.805809619238477 5.960012430989515e-36
2.812821643286573 4.8434461948413956e-36
2.8198336673346693 3.937573142761098e-36
2.8268456913827653 3.202352512387047e-36
2.8338577154308617 2.605406521508396e-36
2.8408697394789577 2.1205436597958766e-36
2.847881763527054 1.726568498570273e-36
2.85489378757515 1.406322052053841e-36
2.8619058116232465 1.1459077283973535e-36
2.8689178356713425 9.340667355236452e-37
2.875929859719439 7.61673889351343e-37
2.882941883767535 6.213304571683954e-37
2.8899539078156313 5.070352342765201e-37
2.8969659318637273 4.139187195455939e-37
2.9039779559118237 3.3802820291805796e-37
2.9109899799599197 2.7615394750538654e-37
2.918002004008016 2.2568855472897137e-37
2.925014028056112 1.8451313434644465e-37
2.932026052104208 1.50905135422842e-37
2.9390380761523045 1.23463688106925e-37
2.9460501002004005 1.010491065943027e-37
2.953062124248497 8.273384873836715e-38
2.960074148296593 6.776274778878788e-38
2.9670861723446893 5.552075110042233e-38
2.9740981963927853 4.5506738974631497e-38
2.9811102204408817 3.73122698355735e-38
2.9881222444889777 3.060431838498411e-38
2.995134268537074 2.5111251420137274e-38
3.00214629258517 2.061142985056852e-38
3.0091583166332665 1.6923941718890695e-38
3.0161703406813625 1.3901065043150133e-38
3.023182364729459 1.1422135341720213e-38
3.030194388777555 9.388554233990129e-39
3.0372064128256513 7.719725318642153e-39
3.0442184368737473 6.349743864821446e-39
3.0512304609218437 5.224699524407152e-39
3.0582424849699397 4.3004777506425286e-39
3.065254509018036 3.540967072377903e-39
3.072266533066132 2.9165967796438258e-39
3.0792785571142285 2.403143697370351e-39
3.0862905811623245 1.980758184084423e-39
3.093302605210421 1.6331687961750592e-39
3.100314629258517 1.3470326142773879e-39
3.1073266533066133 1.1114043670350656e-39
3.1143386773547093 9.173024765827904e-40
3.1213507014028057 7.573542062998362e-40
3.1283627254509017 6.255053903307884e-40
3.135374749498998 5.167829083830428e-40
3.142386773547094 4.271002537968433e-40
3.14939879759519 3.530983214373576e-40
3.1564108216432865 2.9201499052787564e-40
3.1634228456913824 2.4157825776602763e-40
3.170434869739479 1.999186379912353e-40
3.177446893787575 1.6549733395313522e-40
3.1844589178356713 1.3704731639695164e-40
3.1914709418837672 1.1352497758183689e-40
3.1984829659318637 9.407044731017407e-41
3.2054949899799596 7.797500832726054e-41
3.212507014028056 6.46543319981032e-41
3.219519038076152 5.36264872416409e-41
3.2265310621242485 4.449386537738609e-41
3.2335430861723444 3.6928318614596114e-41
3.240555110220441 3.065893674437409e-41
3.247567134268537 2.5461990360469216e-41
3.2545791583166332 2.1152653858131289e-41
3.2615911823647292 1.757819098723774e-41
3.2686032064128256 1.4612342676553735e-41
3.2756152304609216 1.215070349465342e-41
3.282627254509018 1.0106911342780571e-41
3.289639278557114 8.40950631565938e-42
3.2966513026052104 6.999340367961354e-42
3.3036633266533064 5.82744050843791e-42
3.310675350701403 4.853245545874719e-42
3.317687374749499 4.04315061420298e-42
3.3246993987975952 3.369305367184875e-42
3.331711422845691 2.8086213135112516e-42
3.3387234468937876 2.3419516353810312e-42
3.3457354709418836 1.9534133043666896e-42
3.35274749498998 1.6298266288399102e-42
3.359759519038076 1.3602517433484439e-42
3.366771543086172 1.1356051508682853e-42
3.3737835671342684 9.483423922309874e-43
3.3807955911823644 7.921953567760909e-43
3.387807615230461 6.6195475757310835e-43
3.394819639278557 5.532899498767182e-43
3.401831663326653 4.62599635612622e-43
3.408843687374749 3.868881212247734e-43
3.4158557114228456 3.2366272352139074e-43
3.4228677354709416 2.7084868307315168e-43
3.429879759519038 2.2671857587745076e-43
3.436891783567134 1.898337349605648e-43
3.4439038076152304 1.589956237221214e-43
3.4509158316633264 1.3320545807847127e-43
3.457927855711423 1.1163066796079562e-43
3.464939879759519 9.357703128014595e-44
3.471951903807615 7.846551398866614e-44
3.478963927855711 6.581301568210194e-44
3.4859759519038076 5.521635735033538e-44
3.4929879759519036 4.633896137691197e-44
3.5 3.8899767827811145e-44
