0.001 1.4926571048465821e-33
0.008012024048096193 1.0732984034428028e-30
0.015024048096192386 3.9027331626557e-29
0.022036072144288578 8.037810271626642e-28
0.02904809619238477 1.2411340725508431e-26
0.03606012024048096 1.581453434703831e-25
0.043072144288577155 1.7399505463657864e-24
0.05008416833667335 1.6958477620566405e-23
0.05709619238476954 1.4882690186838453e-22
0.06410821643286574 1.1893741547474864e-21
0.07112024048096192 8.727990619313885e-21
0.07813226452905811 5.919382276286445e-20
0.08514428857715431 3.729694728455816e-19
0.09215631262525051 2.1927904663177313e-18
0.0991683366733467 1.2074446617082984e-17
0.10618036072144288 6.247386646788188e-17
0.11319238476953908 3.046124318291489e-16
0.12020440881763528 1.4032892440838046e-15
0.12721643286573148 6.122494321453916e-15
0.13422845691382765 2.5353574212610917e-14
0.14124048096192385 9.985219845789586e-14
0.14825250501002005 3.747158539055333e-13
0.15526452905811622 1.3422680711107654e-12
0.16227655310621242 4.597172314377364e-12
0.16928857715430862 1.507780868783403e-11
0.17630060120240482 4.7427197357769433e-11
0.18331262525050102 1.43275572160821e-10
0.1903246492985972 4.1625239363073433e-10
0.1973366733466934 1.1644986240898255e-09
0.20434869739478959 3.1408851668748873e-09
0.21136072144288576 8.177235621678331e-09
0.21837274549098196 2.0572725894099888e-08
0.22538476953907816 5.0070041649942516e-08
0.23239679358717436 1.1800935900071851e-07
0.23940881763527055 2.6961358435210103e-07
0.24642084168336673 5.976847916695342e-07
0.25343286573146295 1.286799385587818e-06
0.2604448897795591 2.693062392838508e-06
0.2674569138276553 5.483452079036126e-06
0.2744689378757515 1.0871663731016439e-05
0.2814809619238477 2.1004982079909123e-05
0.2884929859719439 3.9579596557992656e-05
0.2955050100200401 7.278979236930817e-05
0.3025170340681363 0.00013074841742704058
0.30952905811623244 0.0002295492845002488
0.31654108216432864 0.00039417226275030305
0.32355310621242483 0.0006624523612190744
0.33056513026052103 0.0010903370112524935
0.33757715430861723 0.0017586318529546686
0.34458917835671343 0.0027813755340402526
0.35160120240480963 0.004315880904124392
0.35861322645290583 0.0065743296180232405
0.36562525050100203 0.0098366110241894
0.3726372745490982 0.014463862704706346
0.3796492985971944 0.020911915267484184
0.3866613226452906 0.029743591549255356
0.39367334669338677 0.041638589799668356
0.40068537074148297 0.0573995243909465
0.40769739478957917 0.0779526382222562
0.41470941883767537 0.10434176535308069
0.4217214428857715 0.13771432825371016
0.4287334669338677 0.17929850617572238
0.4357454909819639 0.23037119901532377
0.4427575150300601 0.2922170083687579
0.4497695390781563 0.3660791236406906
0.4567815631262525 0.4531036844815214
0.4637935871743487 0.5542798338231254
0.4708056112224449 0.6703782203595708
0.4778176352705411 0.801891103113414
0.48482965931863725 0.9489774123930754
0.49184168336673345 1.1114161048581275
0.49885370741482965 1.2885709072313654
0.5058657314629259 1.4793690836013673
0.512877755511022 1.682296212826032
0.5198897795591182 1.895408167576331
0.5269018036072144 2.1163605981861306
0.5339138276553106 2.3424553020572674
0.5409258517034068 2.570701963632341
0.547937875751503 2.797892938325494
0.5549498997995992 3.020688076352291
0.5619619238476954 3.2357060785593075
0.5689739478957916 3.4396185726910162
0.5759859719438878 3.6292430075778435
0.582997995991984 3.801630582871883
0.5900100200400802 3.954145748310908
0.5970220440881764 4.084534292621003
0.6040340681362726 4.190977662480124
0.6110460921843688 4.272131864571383
0.6180581162324649 4.327150063583523
0.6250701402805611 4.355688750940807
0.6320821643286573 4.357898080816588
0.6390941883767535 4.334397614771105
0.6461062124248497 4.2862392547212655
0.6531182364729459 4.214859555189834
0.6601302605210421 4.122023878518008
0.6671422845691383 4.009764988823315
0.6741543086172345 3.8803186783112986
0.6811663326653307 3.73605889671297
0.6881783567134269 3.5794346303248346
0.6951903807615231 3.4129104743163534
0.7022024048096193 3.2389124854114115
0.7092144288577155 3.0597805165398797
0.7162264529058117 2.87772784383436
0.7232384769539079 2.6948085198487943
0.7302505010020041 2.5128925418390167
0.7372625250501001 2.3336486229155664
0.7442745490981963 2.1585341050712694
0.7512865731462925 1.9887913605656038
0.7582985971943887 1.8254498922623927
0.765310621242485 1.6693332615057805
0.7723226452905811 1.5210699388188154
0.7793346693386773 1.381107181294709
0.7863466933867735 1.2497270832450653
0.7933587174348697 1.1270640153761642
0.8003707414829659 1.0131227545996173
0.8073827655310621 0.9077967042836468
0.8143947895791583 0.8108857069572174
0.8214068136272545 0.7221130529046528
0.8284188376753507 0.6411413845829216
0.8354308617234469 0.5675872853233466
0.842442885771543 0.5010344193426628
0.8494549098196392 0.44104515758997237
0.8564669338677354 0.3871706800564875
0.8634789579158316 0.3389595901306831
0.8704909819639278 0.29596511109057605
0.877503006012024 0.257750959884435
0.8845150300601202 0.22389601013449018
0.8915270541082164 0.19399786605276265
0.8985390781563126 0.1676754729265867
0.9055511022044088 0.14457088919345712
0.912563126252505 0.12435034095788322
0.9195751503006012 0.10670467305909014
0.9265871743486974 0.0913493022941715
0.9335991983967936 0.07802376881724936
0.9406112224448898 0.06649097162252611
0.947623246492986 0.05653616381090621
0.9546352705410822 0.04796577336473613
0.9616472945891783 0.040606105652234346
0.9686593186372745 0.03430197501646624
0.9756713426853707 0.028915304676359194
0.9826833667334669 0.024323726833754517
0.9896953907815631 0.02041920835782737
0.9967074148296593 0.017106721695061205
1.0037194388777555 0.014302975697575937
1.0107314629258517 0.01193521682906529
1.0177434869739477 0.009940107640888476
1.0247555110220439 0.008262686450837657
1.03176753507014 0.006855409741520826
1.0387795591182363 0.005677276862082918
1.0457915831663325 0.004693035105919397
1.0528036072144287 0.003872462090909533
1.0598156312625249 0.003189721534134857
1.066827655310621 0.002622787940980257
1.0738396793587173 0.0021529353744414994
1.0808517034068135 0.0017642852945322905
1.0878637274549097 0.0014434084246358948
1.0948757515030059 0.0011789756806545953
1.101887775551102 0.0009614533632482202
1.1088997995991983 0.000782838040611728
1.1159118236472945 0.0006364268200113737
1.1229238476953907 0.0005166190048346593
1.1299358717434869 0.00041874544728742096
1.136947895791583 0.0003389222247517994
1.1439599198396793 0.0002739255821147998
1.1509719438877755 0.00022108538694395581
1.1579839679358717 0.0001781946347294509
1.1649959919839679 0.00014343281441803218
1.172008016032064 0.00011530119815952533
1.1790200400801603 9.256835252058211e-05
1.1860320641282565 7.42243810733665e-05
1.1930440881763527 5.944260048650866e-05
1.2000561122244489 4.754752470437473e-05
1.207068136272545 3.79881854769296e-05
1.2140801603206413 3.03159535819023e-05
1.2210921843687375 2.4166144875980697e-05
1.2281042084168337 1.9242800197181882e-05
1.2351162324649296 1.530611950345941e-05
1.2421282565130258 1.216210983418109e-05
1.249140280561122 9.654075028701104e-06
1.2561523046092182 7.655633863856131e-06
1.2631643286573144 6.065003527955634e-06
1.2701763527054106 4.800328187778572e-06
1.2771883767535068 3.7958687865509445e-06
1.284200400801603 2.9989009989087116e-06
1.2912124248496992 2.367194235185932e-06
1.2982244488977954 1.8669664160857962e-06
1.3052364729458916 1.4712275320995367e-06
1.3122484969939878 1.1584402867232645e-06
1.319260521042084 9.114388567206698e-07
1.3262725450901802 7.165573826635467e-07
1.3332845691382764 5.629285697929245e-07
1.3402965931863726 4.419200250018096e-07
1.3473086172344688 3.4668192955699366e-07
1.354320641282565 2.717845605972895e-07
1.3613326653306612 2.1292820640547075e-07
1.3683446893787574 1.6671132173999124e-07
1.3753567134268536 1.3044546674794602e-07
1.3823687374749498 1.0200777212570415e-07
1.389380761523046 7.972346264041473e-08
1.3963927855711422 6.227242438353942e-08
1.4034048096192384 4.86149791496543e-08
1.4104168336673346 3.793298252002062e-08
1.4174288577154308 2.9583132143041008e-08
1.424440881763527 2.3059993528746808e-08
1.4314529058116232 1.796675046153125e-08
1.4384649298597194 1.3992088844563681e-08
1.4454769539078156 1.0891945172103734e-08
1.4524889779559118 8.475109162893859e-09
1.459501002004008 6.591876805039698e-09
1.466513026052104 5.125115244607199e-09
1.4735250501002002 3.9832327645055755e-09
1.4805370741482964 3.0946521503737906e-09
1.4875490981963926 2.4034693548548764e-09
1.4945611222444888 1.866045843473318e-09
1.501573146292585 1.4483357865302255e-09
1.5085851703406812 1.123791123808462e-09
1.5155971943887774 8.717206944587694e-10
1.5226092184368736 6.760058718144941e-10
1.5296212424849698 5.240958936431463e-10
1.536633266533066 4.0622246712172203e-10
1.5436452905811622 3.1478615899564243e-10
1.5506573146292584 2.4387727484670513e-10
1.5576693386773546 1.8890195947954484e-10
1.5646813627254508 1.462905675861608e-10
1.571693386773547 1.1327032048550932e-10
1.5787054108216432 8.768816638328343e-11
1.5857174348697394 6.787282419678177e-11
1.5927294589178356 5.252739314234109e-11
1.5997414829659318 4.064579302408452e-11
1.606753507014028 3.144777475344885e-11
1.6137655310621242 2.4328394757151352e-11
1.6207775551102204 1.8818749642524265e-11
1.6277895791583166 1.4555473101615813e-11
1.6348016032064128 1.1257048244387175e-11
1.641813627254509 8.70541888829868e-12
1.6488256513026052 6.731719110185237e-12
1.6558376753507014 5.205202219973346e-12
1.6628496993987976 4.0246544118491025e-12
1.6698617234468938 3.1117373457899394e-12
1.67687374749499 2.4058277158267843e-12
1.683885771543086 1.8600182159037684e-12
1.6908977955911821 1.4380192718120899e-12
1.6979098196392783 1.111759194708776e-12
1.7049218436873745 8.595257169802124e-13
1.7119338677354707 6.645270720529554e-13
1.718945891783567 5.137781194099478e-13
1.7259579158316631 3.97238242440796e-13
1.7329699398797593 3.071442211047642e-13
1.7399819639278555 2.374940633496458e-13
1.7469939879759517 1.8364769326588324e-13
1.754006012024048 1.4201808125105242e-13
1.7610180360721441 1.0983236045915635e-13
1.7680300601202403 8.494709183193784e-14
1.7750420841683365 6.570541790748837e-14
1.7820541082164327 5.0826616974929924e-14
1.789066132264529 3.932071530953768e-14
1.7960781563126251 3.042247686776098e-14
1.8030901803607213 2.35403760726948e-14
1.8101022044088175 1.8217154797612356e-14
1.8171142284569137 1.4099334955504485e-14
1.82412625250501 1.091365406314864e-14
1.8311382765531061 8.448852156504221e-15
1.8381503006012023 6.541594999199526e-15
1.8451623246492985 5.065594273828852e-15
1.8521743486973947 3.923198668934223e-15
1.859186372745491 3.038894632393979e-15
1.8661983967935871 2.354283012746313e-15
1.8732104208416833 1.8241963330139167e-15
1.8802224448897795 1.4136975967988996e-15
1.8872344689378757 1.0957603880448359e-15
1.894246492985972 8.494755183852085e-16
1.9012585170340681 6.586646342227381e-16
1.9082705410821643 5.108083661465248e-16
1.9152825651302603 3.962176001471978e-16
1.9222945891783565 3.0739267574822654e-16
1.9293066132264527 2.38527854656691e-16
1.936318637274549 1.8512809269732856e-16
1.943330661322645 1.43712635160872e-16
1.9503426853707413 1.1158574168560639e-16
1.9573547094188375 8.665931810050476e-17
1.9643667334669337 6.731568810433214e-17
1.97137875751503 5.2301408132757504e-17
1.978390781563126 4.0645092683504295e-17
1.9854028056112223 3.159381257891028e-17
1.9924148296593185 2.4563861658703643e-17
1.9994268537074147 1.9102640511753206e-17
2.006438877755511 1.4859142663755675e-17
2.013450901803607 1.1561098272977064e-17
2.0204629258517035 8.997270814788943e-18
2.0274749498997995 7.00374279562454e-18
2.0344869739478955 5.453289899042525e-18
2.041498997995992 4.247146650857424e-18
2.048511022044088 3.308624236769749e-18
2.0555230460921843 2.5781629794904252e-18
2.0625350701402803 2.0094962716126436e-18
2.0695470941883767 1.566675717877621e-18
2.0765591182364727 1.2217636994765816e-18
2.083571142284569 9.530432704609475e-19
2.090583166332665 7.436291215002069e-19
2.0975951903807615 5.803895333225208e-19
2.1046072144288575 4.531095190169974e-19
2.111619238476954 3.538410573141596e-19
2.11863126252505 2.763984816966279e-19
2.1256432865731463 2.1596651241007458e-19
2.1326553106212423 1.6879571888048598e-19
2.1396673346693387 1.3196585748249944e-19
2.1466793587174346 1.0320191459163099e-19
2.153691382765531 8.073108420485827e-20
2.160703406813627 6.317154516789492e-20
2.1677154308617235 4.9445947119807794e-20
2.1747274549098194 3.871409978732422e-20
2.181739478957916 3.0320590343259257e-20
2.188751503006012 2.375400806090001e-20
2.1957635270541083 1.8615196333327284e-20
2.2027755511022042 1.459252723893259e-20
2.2097875751503007 1.1442640389175049e-20
2.2167995991983966 8.975434603978639e-21
2.223811623246493 7.042370362917106e-21
2.230823647294589 5.527350299992079e-21
2.2378356713426855 4.33960768299168e-21
2.2448476953907814 3.4081592691644e-21
2.2518597194388774 2.6774772456718154e-21
2.258871743486974 2.1041114235070775e-21
2.26588376753507 1.6540523302537318e-21
2.2728957915831662 1.3006721237774552e-21
2.279907815631262 1.0231162639832827e-21
2.2869198396793586 8.050469155104089e-22
2.2939318637274546 6.336608839548142e-22
2.300943887775551 4.98921889941235e-22
2.307955911823647 3.929602302570369e-22
2.3149679358717434 3.096031960905616e-22
2.3219799599198394 2.440076628079599e-22
2.328991983967936 1.9237253739481476e-22
2.336004008016032 1.5171364060918215e-22
2.3430160320641282 1.196874160404905e-22
2.350028056112224 9.445283505922193e-23
2.3570400801603206 7.456318992440331e-23
2.3640521042084166 5.888128104959425e-23
2.371064128256513 4.651292075521529e-23
2.378076152304609 3.6754782135860174e-23
2.3850881763527054 2.9053486047796033e-23
2.3921002004008014 2.29734947663478e-23
2.399112224448898 1.817190897548247e-23
2.406124248496994 1.4378677725104376e-23
2.41313627254509 1.138105401967539e-23
2.420148296593186 9.011381446936056e-24
2.4271603206412826 7.137495066274741e-24
2.4341723446893786 5.655174637436237e-24
2.441184368737475 4.482209542343856e-24
2.448196392785571 3.5537297489445165e-24
2.4552084168336674 2.8185316011383414e-24
2.4622204408817634 2.236185560438573e-24
2.4692324649298594 1.7747587660955935e-24
2.476244488977956 1.4090211531059808e-24
2.4832565130260518 1.1190320092456516e-24
2.490268537074148 8.890259357406312e-25
2.497280561122244 7.065345108221192e-25
2.5042925851703406 5.616935665004581e-25
2.5113046092184366 4.466966795050668e-25
2.518316633266533 3.5536387665660767e-25
2.525328657314629 2.8280115606560816e-25
2.5323406813627254 2.2513161504274433e-25
2.5393527054108214 1.7928305658923004e-25
2.546364729458918 1.4282015658131364e-25
2.5533767535070138 1.1381179983570463e-25
2.56038877755511 9.072618156911506e-26
2.567400801603206 7.234783630580475e-26
2.5744128256513026 5.771198932357595e-26
2.5814248496993986 4.605259718465596e-26
2.588436873747495 3.67612095047479e-26
2.595448897795591 2.935438767955217e-26
2.6024609218436874 2.3447892258296908e-26
2.6094729458917834 1.8736226120730605e-26
2.61648496993988 1.4976416892607456e-26
2.6234969939879758 1.1975155900162812e-26
2.630509018036072 9.578595622545784e-27
2.637521042084168 7.66425345241273e-27
2.6445330661322646 6.134584811028e-27
2.6515450901803606 4.9118797405597425e-27
2.658557114228457 3.934209100896501e-27
2.665569138276553 3.1522034431216847e-27
2.6725811623246494 2.526492680888594e-27
2.6795931863727454 2.0256703307578734e-27
2.6866052104208418 1.6246743132252497e-27
2.6936172344689377 1.3034986530290648e-27
2.7006292585170337 1.0461681186189372e-27
2.70764128256513 8.399218666397622e-28
2.714653306613226 6.745632746147949e-28
2.7216653306613225 5.419419597150313e-28
2.7286773547094185 4.355409727520565e-28
2.735689378757515 3.501477033208018e-28
2.742701402805611 2.8159143420843407e-28
2.7497134268537073 2.2653397809337043e-28
2.7567254509018033 1.8230260507009276e-28
2.7637374749498997 1.4675667444328358e-28
2.7707494989979957 1.1818113641328684e-28
2.777761523046092 9.520146213146809e-29
2.784773547094188 7.671566818397801e-29
2.7917855711422845 6.183998257878764e-29
2.7987975951903805 4.9865400336065353e-29
2.805809619238477 4.022293476823094e-29
2.812821643286573 3.24558148133932e-29
2.8198336673346693 2.61972326407496e-29
2.8268456913827653 2.1152527673710088e-29
2.8338577154308617 1.7084917869243577e-29
2.8408697394789577 1.3804068227548804e-29
2.847881763527054 1.115692936760481e-29
2.85489378757515 9.020392973752408e-30
2.8619058116232465 7.295401868543637e-30
2.8689178356713425 5.9022250706812465e-30
2.875929859719439 4.7766661735077924e-30
2.882941883767535 3.867019690992295e-30
2.8899539078156313 3.1316270235086164e-30
2.8969659318637273 2.5369132745133586e-30
2.9039779559118237 2.0558097995496203e-30
2.9109899799599197 1.666486285191929e-30
2.918002004008016 1.351331290119147e-30
2.925014028056112 1.0961322933677251e-30
2.932026052104208 8.894159923952166e-31
2.9390380761523045 7.219173599866463e-31
2.9460501002004005 5.861521908333661e-31
2.953062124248497 4.760728546088328e-31
2.960074148296593 3.867909693016626e-31
2.9670861723446893 3.143539136694481e-31
2.9740981963927853 2.5556466864284044e-31
2.9811102204408817 2.078365404640544e-31
2.9881222444889777 1.6907597419963208e-31
2.995134268537074 1.3758799578421821e-31
3.00214629258517 1.1199988858839604e-31
3.0091583166332665 9.119956843726097e-32
3.0161703406813625 7.428581051842422e-32
3.023182364729459 6.052803594774622e-32
3.030194388777555 4.933381155390771e-32
3.0372064128256513 4.022257506400446e-32
3.0442184368737473 3.2804386459611863e-32
3.0512304609218437 2.676273857637034e-32
3.0582424849699397 2.184064707664644e-32
3.065254509018036 1.7829390594951452e-32
3.072266533066132 1.4559393255914596e-32
3.0792785571142285 1.1892839611718644e-32
3.0862905811623245 9.71769093457092e-33
3.093302605210421 7.942835423265441e-33
3.100314629258517 6.494156211299791e-33
3.1073266533066133 5.311342486309411e-33
3.1143386773547093 4.345302469123394e-33
3.1213507014028057 3.5560640027891574e-33
3.1283627254509017 2.9110703132398505e-33
3.135374749498998 2.3837961272245157e-33
3.142386773547094 1.9526235780549743e-33
3.14939879759519 1.599928847072463e-33
3.1564108216432865 1.311339803690287e-33
3.1634228456913824 1.0751324429112983e-33
3.170434869739479 8.817400179749281e-34
3.177446893787575 7.233537029103037e-34
3.1844589178356713 5.935976177529976e-34
3.1914709418837672 4.872642876718434e-34
3.1984829659318637 4.000992313345433e-34
3.2054949899799596 3.28625500741764e-34
3.212507014028056 2.700007192067075e-34
3.219519038076152 2.2190056273517816e-34
3.2265310621242485 1.8242376469654778e-34
3.2335430861723444 1.500146444630984e-34
3.240555110220441 1.2339990816673277e-34
3.247567134268537 1.0153707668642195e-34
3.2545791583166332 8.357238899832917e-35
3.2615911823647292 6.880642960724534e-35
3.2686032064128256 5.666605436021734e-35
3.2756152304609216 4.668145364530899e-35
3.282627254509018 3.846740724916546e-35
3.289639278557114 3.170796027038893e-35
3.2966513026052104 2.614389199198747e-35
3.3036633266533064 2.156246561535425e-35
3.310675350701403 1.7789041209066307e-35
3.317687374749499 1.4680211154396314e-35
3.3246993987975952 1.2118180045118396e-35
3.331711422845691 1.0006162077987652e-35
3.3387234468937876 8.264610610356802e-36
3.3457354709418836 6.8281285170415e-36
3.35274749498998 5.642935676078561e-36
3.359759519038076 4.6647925125698996e-36
3.366771543086172 3.857296975115683e-36
3.3737835671342684 3.190487378529649e-36
3.3807955911823644 2.6396958448137208e-36
3.387807615230461 2.1846071208850568e-36
3.394819639278557 1.8084857610068316e-36
3.401831663326653 1.4975413721411817e-36
3.408843687374749 1.2404071069200155e-36
3.4158557114228456 1.0277110761007754e-36
3.4228677354709416 8.517240233346611e-37
3.429879759519038 7.060696091586585e-37
3.436891783567134 5.854861101926422e-37
3.4439038076152304 4.8563035304113785e-37
3.4509158316633264 4.029163515698547e-37
3.457927855711423 3.343824673685796e-37
3.464939879759519 2.775820205026717e-37
3.471951903807615 2.304931853634015e-37
3.478963927855711 1.914447507417848e-37
3.4859759519038076 1.590549337563593e-37
3.4929879759519036 1.3218093816176917e-37
3.5 1.0987735864785304e-37
