0.001 1.2248478727189258e-157
0.008012024048096193 3.6995028326050886e-152
0.015024048096192386 4.915048152323032e-148
0.022036072144288578 3.230035228440583e-144
0.02904809619238477 1.395249096994524e-140
0.03606012024048096 4.376490288577429e-137
0.043072144288577155 1.046839134625222e-133
0.05008416833667335 1.9658512535590623e-130
0.05709619238476954 2.9557790550056895e-127
0.06410821643286574 3.6103639463575837e-124
0.07112024048096192 3.6238120041595387e-121
0.07813226452905811 3.017447309866902e-118
0.08514428857715431 2.1014243434637374e-115
0.09215631262525051 1.2328496340330246e-112
0.0991683366733467 6.132501283822672e-110
0.10618036072144288 2.601727554071712e-107
0.11319238476953908 9.465702705186188e-105
0.12020440881763528 2.968384801799928e-102
0.12721643286573148 8.061904192454306e-100
0.13422845691382765 1.9048566231063708e-97
0.14124048096192385 3.93232346520209e-95
0.14825250501002005 7.121359613870254e-93
0.15526452905811622 1.1357595550799604e-90
0.16227655310621242 1.6011383374857682e-88
0.16928857715430862 2.0023123089714378e-86
0.17630060120240482 2.2288170293749404e-84
0.18331262525050102 2.2155312951020902e-82
0.1903246492985972 1.9729198530926213e-80
0.1973366733466934 1.5786493177194474e-78
0.20434869739478959 1.13834924132571e-76
0.21136072144288576 7.41827672536138e-75
0.21837274549098196 4.3807620893086034e-73
0.22538476953907816 2.3504799911102547e-71
0.23239679358717436 1.1487524529616782e-69
0.23940881763527055 5.126554168220671e-68
0.24642084168336673 2.0940410443675206e-66
0.25343286573146295 7.846995291421132e-65
0.2604448897795591 2.7036241269994044e-63
0.2674569138276553 8.58320714089711e-62
0.2744689378757515 2.51605203460086e-60
0.2814809619238477 6.823932248991866e-59
0.2884929859719439 1.7157192468134073e-57
0.2955050100200401 4.0066336686319155e-56
0.3025170340681363 8.706337694311253e-55
0.30952905811623244 1.763560813662978e-53
0.31654108216432864 3.3357843359934477e-52
0.32355310621242483 5.90186669692897e-51
0.33056513026052103 9.783058152822807e-50
0.33757715430861723 1.521748706271785e-48
0.34458917835671343 2.224660091421675e-47
0.35160120240480963 3.061166438845307e-46
0.35861322645290583 3.970492478327868e-45
0.36562525050100203 4.861269109147269e-44
0.3726372745490982 5.625993238339645e-43
0.3796492985971944 6.162723819927709e-42
0.3866613226452906 6.397845051798951e-41
0.39367334669338677 6.302751610926084e-40
0.40068537074148297 5.899225353370142e-39
0.40769739478957917 5.252261789844674e-38
0.41470941883767537 4.453366812132629e-37
0.4217214428857715 3.600076895135578e-36
0.4287334669338677 2.7777524920477454e-35
0.4357454909819639 2.0478504003796984e-34
0.4427575150300601 1.4440355267299988e-33
0.4497695390781563 9.749280123326309e-33
0.4567815631262525 6.308275648662911e-32
0.4637935871743487 3.9156996495627426e-31
0.4708056112224449 2.3338606187769267e-30
0.4778176352705411 1.3369123886116893e-29
0.48482965931863725 7.366799749402897e-29
0.49184168336673345 3.9082120360904467e-28
0.49885370741482965 1.997866729072167e-27
0.5058657314629259 9.849189833637432e-27
0.512877755511022 4.68627185821011e-26
0.5198897795591182 2.1537039545110473e-25
0.5269018036072144 9.567668601175813e-25
0.5339138276553106 4.111587934716796e-24
0.5409258517034068 1.7104488248880058e-23
0.547937875751503 6.893083245451609e-23
0.5549498997995992 2.692887490609562e-22
0.5619619238476954 1.0205048898291423e-21
0.5689739478957916 3.753945517571733e-21
0.5759859719438878 1.3412622102125732e-20
0.582997995991984 4.6576019323839227e-20
0.5900100200400802 1.5728871299914518e-19
0.5970220440881764 5.168641940076564e-19
0.6040340681362726 1.653674511444345e-18
0.6110460921843688 5.154224133157338e-18
0.6180581162324649 1.5658688689894478e-17
0.6250701402805611 4.6393780186268744e-17
0.6320821643286573 1.3412333558091612e-16
0.6390941883767535 3.7853993948972206e-16
0.6461062124248497 1.0435161842171202e-15
0.6531182364729459 2.811117823041173e-15
0.6601302605210421 7.403866991297943e-15
0.6671422845691383 1.907393873020773e-14
0.6741543086172345 4.808639452154172e-14
0.6811663326653307 1.186854273095439e-13
0.6881783567134269 2.86916021130334e-13
0.6951903807615231 6.79640082356873e-13
0.7022024048096193 1.5781574287126991e-12
0.7092144288577155 3.5937272728857154e-12
0.7162264529058117 8.028523542570934e-12
0.7232384769539079 1.7603154336262278e-11
0.7302505010020041 3.789433175649435e-11
0.7372625250501001 8.012130163149153e-11
0.7442745490981963 1.6644440618463224e-10
0.7512865731462925 3.3985360769755545e-10
0.7582985971943887 6.822863237625113e-10
0.765310621242485 1.3472273385224894e-09
0.7723226452905811 2.6173311992076243e-09
0.7793346693386773 5.004504279611252e-09
0.7863466933867735 9.42076154032713e-09
0.7933587174348697 1.746499782189935e-08
0.8003707414829659 3.189633415182344e-08
0.8073827655310621 5.740266376659092e-08
0.8143947895791583 1.0182840660657919e-07
0.8214068136272545 1.7810471006718324e-07
0.8284188376753507 3.0723645727318576e-07
0.8354308617234469 5.228532171474484e-07
0.842442885771543 8.78037077476367e-07
0.8494549098196392 1.4554118485337968e-06
0.8564669338677354 2.3818288163432615e-06
0.8634789579158316 3.849427156096007e-06
0.8704909819639278 6.1453936074449175e-06
0.877503006012024 9.69340366111636e-06
0.8845150300601202 1.5110496768583113e-05
0.8915270541082164 2.328401348225554e-05
0.8985390781563126 3.547418351940643e-05
0.9055511022044088 5.3448966118890733e-05
0.912563126252505 7.965875574152007e-05
0.9195751503006012 0.0001174595057360559
0.9265871743486974 0.00017139359859336012
0.9335991983967936 0.00024753829342848567
0.9406112224448898 0.00035393168320152897
0.947623246492986 0.0005010856596148595
0.9546352705410822 0.0007025942743183245
0.9616472945891783 0.0009758439712929815
0.9686593186372745 0.0013428293384764689
0.9756713426853707 0.0018310742132495261
0.9826833667334669 0.002474653151915145
0.9896953907815631 0.003315302475797062
0.9967074148296593 0.0044036034474652565
1.0037194388777555 0.005800212801827998
1.0107314629258517 0.007577108133060391
1.0177434869739477 0.009818807872874107
1.0247555110220439 0.012623518209607606
1.03176753507014 0.016104152762222552
1.0387795591182363 0.0203891656355481
1.0457915831663325 0.02562313513624091
1.0528036072144287 0.03196703437914918
1.0598156312625249 0.03959812664562242
1.066827655310621 0.04870942794818767
1.0738396793587173 0.05950868695454451
1.0808517034068135 0.0722168432147909
1.0878637274549097 0.0870659383337998
1.0948757515030059 0.10429647097446151
1.101887775551102 0.12415420483773644
1.1088997995991983 0.1468864583641808
1.1159118236472945 0.17273792504264296
1.1229238476953907 0.2019460930204653
1.1299358717434869 0.23473635127894
1.136947895791583 0.27131688607934085
1.1439599198396793 0.31187348487889566
1.1509719438877755 0.3565643747595707
1.1579839679358717 0.40551522806064316
1.1649959919839679 0.4588144690044132
1.172008016032064 0.5165090115103728
1.1790200400801603 0.5786005501841475
1.1860320641282565 0.6450425139367013
1.1930440881763527 0.7157377753281783
1.2000561122244489 0.7905371892011349
1.207068136272545 0.8692390122641341
1.2140801603206413 0.9515892318916467
1.2210921843687375 1.0372828084439472
1.2281042084168337 1.1259658117977962
1.2351162324649296 1.2172384103794354
1.2421282565130258 1.3106586505766185
1.249140280561122 1.4057469466208434
1.2561523046092182 1.5019911863692461
1.2631643286573144 1.5988523472073102
1.2701763527054106 1.6957705086997878
1.2771883767535068 1.7921711446349056
1.284200400801603 1.8874715765832624
1.2912124248496992 1.9810874737458004
1.2982244488977954 2.0724392893093704
1.3052364729458916 2.1609585313045083
1.3122484969939878 2.246093775564793
1.319260521042084 2.3273163393032266
1.3262725450901802 2.404125545544187
1.3332845691382764 2.476053520711428
1.3402965931863726 2.542669479660145
1.3473086172344688 2.603583464009
1.354320641282565 2.6584495105065655
1.3613326653306612 2.706968236163876
1.3683446893787574 2.7488888358841215
1.3753567134268536 2.784010496273403
1.3823687374749498 2.8121832362332575
1.389380761523046 2.8333081908726165
1.3963927855711422 2.847337360324158
1.4034048096192384 2.8542728493171814
1.4104168336673346 2.854165626963989
1.4174288577154308 2.8471138392731463
1.424440881763527 2.8332607095129
1.4314529058116232 2.8127920637942667
1.4384649298597194 2.7859335211859584
1.4454769539078156 2.7529473893476286
1.4524889779559118 2.714129308085383
1.459501002004008 2.6698046843840553
1.466513026052104 2.6203249633269343
1.4735250501002002 2.5660637798355292
1.4805370741482964 2.5074130363034004
1.4875490981963926 2.4447789509112905
1.4945611222444888 2.378578120653074
1.501573146292585 2.3092336418398562
1.5085851703406812 2.2371713290622584
1.5155971943887774 2.1628160712743822
1.5226092184368736 2.0865883608302456
1.5296212424849698 2.008901027985871
1.536633266533066 1.9301562096265625
1.5436452905811622 1.8507425768533703
1.5506573146292584 1.7710328416432555
1.5576693386773546 1.691381558171744
1.5646813627254508 1.6121232296494945
1.571693386773547 1.5335707267728498
1.5787054108216432 1.4560140192199909
1.5857174348697394 1.3797192171318584
1.5927294589178356 1.3049279152861892
1.5997414829659318 1.2318568287800993
1.606753507014028 1.1606977055457444
1.6137655310621242 1.0916174979858329
1.6207775551102204 1.0247587734679051
1.6277895791583166 0.9602403413809166
1.6348016032064128 0.8981580729430503
1.641813627254509 0.8385858889508186
1.6488256513026052 0.7815768901592415
1.6558376753507014 0.7271646049531649
1.6628496993987976 0.6753643293736766
1.6698617234468938 0.6261745353568797
1.67687374749499 0.5795783241754618
1.683885771543086 0.5355449034936288
1.6908977955911821 0.49403106809843955
1.6979098196392783 0.4549826662006805
1.7049218436873745 0.41833603515296147
1.7119338677354707 0.38401939246116523
1.718945891783567 0.3519541700208202
1.7259579158316631 0.3220562815500821
1.7329699398797593 0.2942373151784514
1.7399819639278555 0.2684056450532167
1.7469939879759517 0.24446745761752786
1.754006012024048 0.22232768987414042
1.7610180360721441 0.20189087846169926
1.7680300601202403 0.18306191972553978
1.7750420841683365 0.16574674215652974
1.7820541082164327 0.14985289359783932
1.789066132264529 0.13529004648272266
1.7960781563126251 0.12197042507155575
1.8030901803607213 0.1098091592111976
1.8101022044088175 0.09872456955396226
1.8171142284569137 0.08863838945835016
1.82412625250501 0.07947592896150159
1.8311382765531061 0.07116618627701715
1.8381503006012023 0.06364191224449954
1.8451623246492985 0.056839633051995214
1.8521743486973947 0.05069963638214596
1.859186372745491 0.0451659259094411
1.8661983967935871 0.04018614881084021
1.8732104208416833 0.03571150065570319
1.8802224448897795 0.03169661172290016
1.8872344689378757 0.028099418461670245
1.894246492985972 0.0248810234756695
1.9012585170340681 0.02200554707310373
1.9082705410821643 0.01943997309527268
1.9152825651302603 0.017153991415702615
1.9222945891783565 0.015119839195874722
1.9293066132264527 0.013312142694108867
1.936318637274549 0.011707761153434564
1.943330661322645 0.010285634043631347
1.9503426853707413 0.00902663270281761
1.9573547094188375 0.007913417215295412
1.9643667334669337 0.006930299174687641
1.97137875751503 0.0060631108142543
1.978390781563126 0.005299080838899595
1.9854028056112223 0.004626717164812707
1.9924148296593185 0.00403569666180197
1.9994268537074147 0.0035167618989495665
2.006438877755511 0.003061624814931212
2.013450901803607 0.002662877168878929
2.0204629258517035 0.0023139075746800284
2.0274749498997995 0.0020088248797919452
2.0344869739478955 0.0017423876177387603
2.041498997995992 0.0015099392402359187
2.048511022044088 0.0013073488192198778
2.0555230460921843 0.0011309568998802092
2.0625350701402803 0.0009775261821223515
2.0695470941883767 0.0008441967088336921
2.0765591182364727 0.0007284452440774537
2.083571142284569 0.0006280485321695522
2.090583166332665 0.0005410501388617753
2.0975951903807615 0.00046573058799134087
2.1046072144288575 0.000400580520470292
2.111619238476954 0.0003442766169506127
2.11863126252505 0.00029566004055060015
2.1256432865731463 0.00025371717135711495
2.1326553106212423 0.00021756241977318857
2.1396673346693387 0.00018642292095138156
2.1466793587174346 0.00015962492737328537
2.153691382765531 0.00013658173097216996
2.160703406813627 0.00011678295994912992
2.1677154308617235 9.978510852932684e-05
2.1747274549098194 8.520317029425044e-05
2.181739478957916 7.270325737720043e-05
2.188751503006012 6.19960987083935e-05
2.1957635270541083 5.2831320641884534e-05
2.2027755511022042 4.499242269900681e-05
2.2097875751503007 3.8292369840535955e-05
2.2167995991983966 3.256973065762133e-05
2.223811623246493 2.7685298179709273e-05
2.230823647294589 2.3519136670068247e-05
2.2378356713426855 1.996800385210303e-05
2.2448476953907814 1.6943103519948012e-05
2.2518597194388774 1.436812847275356e-05
2.258871743486974 1.2177558211515789e-05
2.26588376753507 1.0315179887327589e-05
2.2728957915831662 8.73280462661714e-06
2.279907815631262 7.389154616893641e-06
2.2869198396793586 6.248899248687777e-06
2.2939318637274546 5.281821206939961e-06
2.300943887775551 4.46209571727798e-06
2.307955911823647 3.7676682067661485e-06
2.3149679358717434 3.179717460125808e-06
2.3219799599198394 2.682192964557331e-06
2.328991983967936 2.2614165606569926e-06
2.336004008016032 1.9057397732568742e-06
2.3430160320641282 1.6052493023114447e-06
2.350028056112224 1.3515141265840717e-06
2.3570400801603206 1.137368526674076e-06
2.3640521042084166 9.56726082274694e-07
2.371064128256513 8.044203535279898e-07
2.378076152304609 6.760685287908624e-07
2.3850881763527054 5.679548207563144e-07
2.3921002004008014 4.769308283714599e-07
2.399112224448898 4.003304610961298e-07
2.406124248496994 3.3589735164244777e-07
2.41313627254509 2.817229695380518e-07
2.420148296593186 2.3619389608117813e-07
2.4271603206412826 1.9794693629206127e-07
2.4341723446893786 1.658309295391216e-07
2.441184368737475 1.3887428135194628e-07
2.448196392785571 1.1625737780052246e-07
2.4552084168336674 9.728916359466145e-08
2.4622204408817634 8.138726825844604e-08
2.4692324649298594 6.806115356543932e-08
2.476244488977956 5.689783180760017e-08
2.4832565130260518 4.754977009434085e-08
2.490268537074148 3.972465220200317e-08
2.497280561122244 3.3176717791856406e-08
2.5042925851703406 2.769944019312668e-08
2.5113046092184366 2.3119339366974883e-08
2.518316633266533 1.9290756959892708e-08
2.525328657314629 1.609144624122285e-08
2.5323406813627254 1.3418851822183057e-08
2.5393527054108214 1.118697291087548e-08
2.546364729458918 9.323719933214911e-09
2.5533767535070138 7.768688043394968e-09
2.56038877755511 6.471282703528247e-09
2.567400801603206 5.389142426413044e-09
2.5744128256513026 4.486812202162673e-09
2.5814248496993986 3.734628286861173e-09
2.588436873747495 3.1077811064811133e-09
2.595448897795591 2.585528182236232e-09
2.6024609218436874 2.150533351412726e-09
2.6094729458917834 1.788312257756294e-09
2.61648496993988 1.4867672178060513e-09
2.6234969939879758 1.2357972196329103e-09
2.630509018036072 1.0269710511398271e-09
2.637521042084168 8.532534485292018e-10
2.6445330661322646 7.087757546186904e-10
2.6515450901803606 5.88643926390102e-10
2.658557114228457 4.8877786973647e-10
2.665569138276553 4.057770393319096e-10
2.6725811623246494 3.3680805047335457e-10
2.6795931863727454 2.795107310402824e-10
2.6866052104208418 2.319196152279388e-10
2.6936172344689377 1.9239836324266576e-10
2.7006292585170337 1.5958499693522784e-10
2.70764128256513 1.3234618243184274e-10
2.714653306613226 1.097390773839067e-10
2.7216653306613225 9.097950110044397e-11
2.7286773547094185 7.541538781836007e-11
2.735689378757515 6.250465283741297e-11
2.742701402805611 5.1796743373274194e-11
2.7497134268537073 4.291726512446496e-11
2.7567254509018033 3.555517538279999e-11
2.7637374749498997 2.945211713711395e-11
2.7707494989979957 2.4393538631881024e-11
2.777761523046092 2.0201301437417974e-11
2.784773547094188 1.6727529109731943e-11
2.7917855711422845 1.3849489514510071e-11
2.7987975951903805 1.1465338162446616e-11
2.805809619238477 9.490578544471437e-12
2.812821643286573 7.855119382403236e-12
2.8198336673346693 6.500828692191194e-12
2.8268456913827653 5.379501238200667e-12
2.8338577154308617 4.451169878445829e-12
2.8408697394789577 3.6827029151692364e-12
2.847881763527054 3.046639251933553e-12
2.85489378757515 2.5202212349157325e-12
2.8619058116232465 2.084591788009602e-12
2.8689178356713425 1.7241280608677987e-12
2.875929859719439 1.425888481927132e-12
2.882941883767535 1.1791540000618166e-12
2.8899539078156313 9.750475385364185e-13
2.8969659318637273 8.062183817601232e-13
2.9039779559118237 6.665804594516885e-13
2.9109899799599197 5.510953597356139e-13
2.918002004008016 4.555924554139277e-13
2.925014028056112 3.7661981875746387e-13
2.932026052104208 3.1132067345991205e-13
2.9390380761523045 2.5733102443335983e-13
2.9460501002004005 2.126948473385736e-13
2.953062124248497 1.7579383550173098e-13
2.960074148296593 1.45289213295396e-13
2.9670861723446893 1.2007354974358556e-13
2.9740981963927853 9.923085868966029e-14
2.9811102204408817 8.20035645244191e-14
2.9881222444889777 6.776515534665341e-14
2.995134268537074 5.5997546949555855e-14
3.00214629258517 4.627234820451565e-14
3.0091583166332665 3.8235357076401e-14
3.0161703406813625 3.1593731495487105e-14
3.023182364729459 2.6105374655353213e-14
3.030194388777555 2.157015334721787e-14
3.0372064128256513 1.78226334563038e-14
3.0442184368737473 1.472607104122568e-14
3.0512304609218437 1.216744240757158e-14
3.0582424849699397 1.0053333861117459e-14
3.065254509018036 8.306542703312088e-15
3.072266533066132 6.863266606160817e-15
3.0792785571142285 5.670779683198367e-15
3.0862905811623245 4.6855111108871834e-15
3.093302605210421 3.871456674883461e-15
3.100314629258517 3.1988656359388315e-15
3.1073266533066133 2.643155259917775e-15
3.1143386773547093 2.1840135912628124e-15
3.1213507014028057 1.8046578640333113e-15
3.1283627254509017 1.4912215836651447e-15
3.135374749498998 1.2322479782212593e-15
3.142386773547094 1.0182713777773718e-15
3.14939879759519 8.414712735533793e-16
3.1564108216432865 6.953864494508238e-16
3.1634228456913824 5.746787629936824e-16
3.170434869739479 4.749379591214643e-16
3.177446893787575 3.925203941013691e-16
3.1844589178356713 3.244157820188639e-16
3.1914709418837672 2.681370975747259e-16
3.1984829659318637 2.2162961324886236e-16
3.2054949899799596 1.8319574689574522e-16
3.212507014028056 1.5143297283368783e-16
3.219519038076152 1.2518252642996544e-16
3.2265310621242485 1.0348702639320367e-16
3.2335430861723444 8.555546479635765e-17
3.240555110220441 7.073428412076602e-17
3.247567134268537 5.848348313691034e-17
3.2545791583166332 4.8356877325572333e-17
3.2615911823647292 3.9985791496347095e-17
3.2686032064128256 3.306558781943448e-17
3.2756152304609216 2.73445362322371e-17
3.282627254509018 2.261461990102025e-17
3.289639278557114 1.870393923985271e-17
3.2966513026052104 1.547043650130266e-17
3.3036633266533064 1.2796711294222484e-17
3.310675350701403 1.0585737320495584e-17
3.317687374749499 8.757323615314406e-18
3.3246993987975952 7.245190831162262e-18
3.331711422845691 5.9945556214561926e-18
3.3387234468937876 4.960134779746134e-18
3.3457354709418836 4.1044961553164066e-18
3.35274749498998 3.3966960584985045e-18
3.359759519038076 2.8111533537599682e-18
3.366771543086172 2.3267190996236383e-18
3.3737835671342684 1.9259077489258877e-18
3.3807955911823644 1.5942618328819852e-18
3.387807615230461 1.319826934379711e-18
3.394819639278557 1.0927177887030465e-18
3.401831663326653 9.047596812168736e-19
3.408843687374749 7.491920634592062e-19
3.4158557114228456 6.204235823833555e-19
3.4228677354709416 5.138295954397121e-19
3.429879759519038 4.2558479555942417e-19
3.436891783567134 3.5252485171459706e-19
3.4439038076152304 2.920320295075518e-19
3.4509158316633264 2.419406309479421e-19
3.457927855711423 2.00458815227977e-19
3.464939879759519 1.6610395935059192e-19
3.471951903807615 1.3764921074720592e-19
3.478963927855711 1.1407929158639447e-19
3.4859759519038076 9.455395122673582e-20
3.4929879759519036 7.837774151893849e-20
3.5 6.497501958409252e-20
