0.001 1.4810097673308902e-21
0.008012024048096193 4.97310861672709e-19
0.015024048096192386 8.603040112431134e-18
0.022036072144288578 8.58280303730072e-17
0.02904809619238477 6.533202465078341e-16
0.03606012024048096 4.174175098593771e-15
0.043072144288577155 2.3412060357690256e-14
0.05008416833667335 1.1821102057568158e-13
0.05709619238476954 5.458913463085627e-13
0.06410821643286574 2.3307434506275015e-12
0.07112024048096192 9.27380252194955e-12
0.07813226452905811 3.4596259191923035e-11
0.08514428857715431 1.2159286966847207e-10
0.09215631262525051 4.042258589286203e-10
0.0991683366733467 1.2753789709925743e-09
0.10618036072144288 3.830158056731387e-09
0.11319238476953908 1.09765801781152e-08
0.12020440881763528 3.0087163438536425e-08
0.12721643286573148 7.904131326003979e-08
0.13422845691382765 1.9938940895639084e-07
0.14124048096192385 4.838113213377563e-07
0.14825250501002005 1.1310237241429797e-06
0.15526452905811622 2.551159432324827e-06
0.16227655310621242 5.560081196164835e-06
0.16928857715430862 1.172394673918854e-05
0.17630060120240482 2.394723873209879e-05
0.18331262525050102 4.7439196765938345e-05
0.1903246492985972 9.124421993080092e-05
0.1973366733466934 0.00017057773925215864
0.20434869739478959 0.00031026308291031964
0.21136072144288576 0.0005496056596752914
0.21837274549098196 0.0009490531929481695
0.22538476953907816 0.0015989570445895628
0.23239679358717436 0.0026306522130820045
0.23940881763527055 0.004229898456546414
0.24642084168336673 0.006652466359389976
0.25343286573146295 0.010241316514160503
0.2604448897795591 0.015444429119159546
0.2674569138276553 0.022831933070732013
0.2744689378757515 0.033110809769867994
0.2814809619238477 0.04713516741617107
0.2884929859719439 0.0659099566096285
0.2955050100200401 0.09058607779962483
0.3025170340681363 0.12244514594929416
0.30952905811623244 0.16287273062852975
0.31654108216432864 0.21331965198137473
0.32355310621242483 0.2752518253730698
0.33056513026052103 0.35009012614607604
0.33757715430861723 0.43914269268909206
0.34458917835671343 0.5435329015813871
0.35160120240480963 0.6641268457200976
0.35861322645290583 0.801464461589553
0.36562525050100203 0.9556984531741564
0.3726372745490982 1.1265448497073018
0.3796492985971944 1.3132484466969023
0.3866613226452906 1.5145655739474007
0.39367334669338677 1.7287656857922353
0.40068537074148297 1.953652257795115
0.40769739478957917 2.186602476544883
0.41470941883767537 2.4246242886455214
0.4217214428857715 2.664428579102437
0.4287334669338677 2.9025136082192597
0.4357454909819639 3.1352583644020187
0.4427575150300601 3.359021190313267
0.4497695390781563 3.5702399059887346
0.4567815631262525 3.765529674909677
0.4637935871743487 3.9417750260615727
0.4708056112224449 4.096212744690864
0.4778176352705411 4.226502764119984
0.48482965931863725 4.3307847160839685
0.49184168336673345 4.407718409712129
0.49885370741482965 4.456507186927531
0.5058657314629259 4.476903816921259
0.512877755511022 4.469199312094999
0.5198897795591182 4.434195737103156
0.5269018036072144 4.3731647056028
0.5339138276553106 4.287793782924028
0.5409258517034068 4.180123409722518
0.547937875751503 4.052477212744138
0.5549498997995992 3.9073886652310583
0.5619619238476954 3.747527003187694
0.5689739478957916 3.575625107071353
0.5759859719438878 3.3944117427830114
0.582997995991984 3.206550149081643
0.5900100200400802 3.0145844926169403
0.5970220440881764 2.820895219582326
0.6040340681362726 2.627663845773482
0.6110460921843688 2.4368472719196133
0.6180581162324649 2.2501613103158107
0.6250701402805611 2.069072777342233
0.6320821643286573 1.8947992530294526
0.6390941883767535 1.7283154357140678
0.6461062124248497 1.5703649238357227
0.6531182364729459 1.4214762305345767
0.6601302605210421 1.281981869363221
0.6671422845691383 1.1520394288458937
0.6741543086172345 1.0316536669766105
0.6811663326653307 0.9206987916758086
0.6881783567134269 0.8189402385577103
0.6951903807615231 0.7260554036392634
0.7022024048096193 0.6416529283548079
0.7092144288577155 0.5652902619586696
0.7162264529058117 0.49648933854534616
0.7232384769539079 0.4347503006307564
0.7302505010020041 0.37956327805787377
0.7372625250501001 0.3304182905402871
0.7442745490981963 0.28681338583412896
0.7512865731462925 0.2482611552150545
0.7582985971943887 0.21429378575928995
0.765310621242485 0.18446681706392343
0.7723226452905811 0.15836177057737172
0.7793346693386773 0.13558781454462188
0.7863466933867735 0.11578261835830311
0.7933587174348697 0.09861253823443036
0.8003707414829659 0.08377226272407609
0.8073827655310621 0.07098403250532243
0.8143947895791583 0.059996534830493914
0.8214068136272545 0.0505835594025068
0.8284188376753507 0.04254248963945021
0.8354308617234469 0.03569269145608513
0.842442885771543 0.029873850950773155
0.8494549098196392 0.024944302774714176
0.8564669338677354 0.020779382467584654
0.8634789579158316 0.017269828627559252
0.8704909819639278 0.014320254381342188
0.877503006012024 0.011847702156163794
0.8845150300601202 0.00978029114960362
0.8915270541082164 0.00805596306163878
0.8985390781563126 0.006621328514482572
0.9055511022044088 0.005430614060331685
0.912563126252505 0.004444707689711992
0.9195751503006012 0.0036302992329063618
0.9265871743486974 0.002959110928125773
0.9335991983967936 0.002407212651998273
0.9406112224448898 0.001954415815225964
0.947623246492986 0.0015837396688238383
0.9546352705410822 0.0012809436993627453
0.9616472945891783 0.0010341198753728912
0.9686593186372745 0.000833338706746616
0.9756713426853707 0.000670343364554479
0.9826833667334669 0.0005382864545442827
0.9896953907815631 0.0004315044222496715
0.9967074148296593 0.00034532497339864477
1.0037194388777555 0.0002759033059083462
1.0107314629258517 0.00022008335794823153
1.0177434869739477 0.00017528067178069787
1.0247555110220439 0.0001393838490732145
1.03176753507014 0.00011067192578867838
1.0387795591182363 8.774532088462019e-05
1.0457915831663325 6.946831148357695e-05
1.0528036072144287 5.4921257555156454e-05
1.0598156312625249 4.336104191838669e-05
1.066827655310621 3.41884075727772e-05
1.0738396793587173 2.6921065464426593e-05
1.0808517034068135 2.1171613535299965e-05
1.0878637274549097 1.662945419709652e-05
1.0948757515030059 1.3046024191982404e-05
1.101887775551102 1.022276012325604e-05
1.1088997995991983 8.001316674746259e-06
1.1159118236472945 6.255634507746244e-06
1.1229238476953907 4.885522726691301e-06
1.1299358717434869 3.8114782012373847e-06
1.136947895791583 2.970512340874529e-06
1.1439599198396793 2.312796412032354e-06
1.1509719438877755 1.7989702990345579e-06
1.1579839679358717 1.3979877371852146e-06
1.1649959919839679 1.085394361334914e-06
1.172008016032064 8.419541739763973e-07
1.1790200400801603 6.525558964486902e-07
1.1860320641282565 5.053436849754098e-07
1.1930440881763527 3.91027347029358e-07
1.2000561122244489 3.023358871996683e-07
1.207068136272545 2.335852863048327e-07
1.2140801603206413 1.8033715915408496e-07
1.2210921843687375 1.391295842971887e-07
1.2281042084168337 1.072651523761184e-07
1.2351162324649296 8.264430331019539e-08
1.2421282565130258 6.363445278160501e-08
1.249140280561122 4.896735748302773e-08
1.2561523046092182 3.765872831599998e-08
1.2631643286573144 2.894534637633531e-08
1.2701763527054106 2.2235929410163653e-08
1.2771883767535068 1.707278626707903e-08
1.284200400801603 1.3101924067352001e-08
1.2912124248496992 1.004976994939346e-08
1.2982244488977954 7.705062659539991e-09
1.3052364729458916 5.904780027405672e-09
1.3122484969939878 4.523213494473806e-09
1.319260521042084 3.4634939046956616e-09
1.3262725450901802 2.651024564410278e-09
1.3332845691382764 2.028396775192926e-09
1.3402965931863726 1.5514565099573989e-09
1.3473086172344688 1.1862640959586783e-09
1.354320641282565 9.06746011887615e-10
1.3613326653306612 6.928826200857527e-10
1.3683446893787574 5.293105397539464e-10
1.3753567134268536 4.042455520453024e-10
1.3823687374749498 3.0865308903477636e-10
1.389380761523046 2.3560981288571227e-10
1.3963927855711422 1.7981257274689853e-10
1.4034048096192384 1.372009450567038e-10
1.4104168336673346 1.0466725194838106e-10
1.4174288577154308 7.983390782241777e-11
1.424440881763527 6.088255264953003e-11
1.4314529058116232 4.64229937401028e-11
1.4384649298597194 3.5392730392779533e-11
1.4454769539078156 2.6979960685139704e-11
1.4524889779559118 2.0564608633076784e-11
1.459501002004008 1.567317320089623e-11
1.466513026052104 1.1944173629620953e-11
1.4735250501002002 9.10171445663654e-12
1.4805370741482964 6.935269656545846e-12
1.4875490981963926 5.284228158347229e-12
1.4945611222444888 4.026083198234353e-12
1.501573146292585 3.067409182257432e-12
1.5085851703406812 2.3369701886483945e-12
1.5155971943887774 1.7804579878965032e-12
1.5226092184368736 1.3564753235845956e-12
1.5296212424849698 1.0334705101170315e-12
1.536633266533066 7.873985736053144e-13
1.5436452905811622 5.999371159880807e-13
1.5506573146292584 4.57125604912221e-13
1.5576693386773546 3.4832778913244965e-13
1.5646813627254508 2.654406413191208e-13
1.571693386773547 2.0229134763881088e-13
1.5787054108216432 1.5417770747856126e-13
1.5857174348697394 1.1751788186542796e-13
1.5927294589178356 8.958350489329013e-14
1.5997414829659318 6.82963377980025e-14
1.606753507014028 5.2073350907754735e-14
1.6137655310621242 3.970870926161058e-14
1.6207775551102204 3.028387680870799e-14
1.6277895791583166 2.3099143226956898e-14
1.6348016032064128 1.7621470455127063e-14
1.641813627254509 1.3444770583171584e-14
1.6488256513026052 1.0259652564294049e-14
1.6558376753507014 7.830380826838423e-15
1.6628496993987976 5.977326572282502e-15
1.6698617234468938 4.563602248618494e-15
1.67687374749499 3.484881822212097e-15
1.683885771543086 2.6616472468053266e-15
1.6908977955911821 2.033282643123574e-15
1.6979098196392783 1.553575647635179e-15
1.7049218436873745 1.1872904470769563e-15
1.7119338677354707 9.075570224518616e-16
1.718945891783567 6.938820530245995e-16
1.7259579158316631 5.3063332617450315e-16
1.7329699398797593 4.0588482790610887e-16
1.7399819639278555 3.1053659066363356e-16
1.7469939879759517 2.376438599654953e-16
1.754006012024048 1.8190574007543718e-16
1.7610180360721441 1.3927535716435407e-16
1.7680300601202403 1.0666262382513474e-16
1.7750420841683365 8.170757724518827e-17
1.7820541082164327 6.260750941729267e-17
1.789066132264529 4.7985103283901847e-17
1.7960781563126251 3.678783197155463e-17
1.8030901803607213 2.8211196402941536e-17
1.8101022044088175 2.1640142499900617e-17
1.8171142284569137 1.6604344574499553e-17
1.82412625250501 1.2744066597250115e-17
1.8311382765531061 9.784094165509947e-18
1.8381503006012023 7.513825297711417e-18
1.8451623246492985 5.772061914482081e-18
1.8521743486973947 4.435389746110094e-18
1.859186372745491 3.4092981015448723e-18
1.8661983967935871 2.6213920029131245e-18
1.8732104208416833 2.0162025279835607e-18
1.8802224448897795 1.55121815972663e-18
1.8872344689378757 1.1938491636567625e-18
1.894246492985972 9.191050886158014e-19
1.9012585170340681 7.078174361198517e-19
1.9082705410821643 5.452791942949728e-19
1.9152825651302603 4.2020320198485793e-19
1.9222945891783565 3.2392442087773495e-19
1.9293066132264527 2.497888443132338e-19
1.936318637274549 1.9268525407649376e-19
1.943330661322645 1.4868633740712997e-19
1.9503426853707413 1.1477354817039839e-19
1.9573547094188375 8.862611283395709e-20
1.9643667334669337 6.845918174229934e-20
1.97137875751503 5.289964363213171e-20
1.978390781563126 4.0890811712597625e-20
1.9854028056112223 3.161924790455456e-20
1.9924148296593185 2.4458566889563194e-20
1.9994268537074147 1.8926267200988743e-20
2.006438877755511 1.465055959856293e-20
2.013450901803607 1.1344869815087821e-20
2.0204629258517035 8.788234212930768e-21
2.0274749498997995 6.810221749682236e-21
2.0344869739478955 5.279333606639774e-21
2.041498997995992 4.094075583003038e-21
2.048511022044088 3.1760852720565175e-21
2.0555230460921843 2.4648394054962237e-21
2.0625350701402803 1.9135767531708766e-21
2.0695470941883767 1.4861563882466552e-21
2.0765591182364727 1.1546359384574231e-21
2.083571142284569 8.974042131399916e-22
2.090583166332665 6.977408253265335e-22
2.0975951903807615 5.427048025087062e-22
2.1046072144288575 4.2227675671662174e-22
2.111619238476954 3.286965424244358e-22
2.11863126252505 2.559516800913106e-22
2.1256432865731463 1.9938209275054589e-22
2.1326553106212423 1.5537460590878935e-22
2.1396673346693387 1.2112674445743745e-22
2.1466793587174346 9.446404467294436e-23
2.153691382765531 7.369870759175536e-23
2.160703406813627 5.752020021085025e-23
2.1677154308617235 4.4910553802318806e-23
2.1747274549098194 3.5078760777216554e-23
2.181739478957916 2.7409945769116283e-23
2.188751503006012 2.142596969760599e-23
2.1957635270541083 1.6754884289447836e-23
2.2027755511022042 1.3107240283838298e-23
2.2097875751503007 1.0257704911729199e-23
2.2167995991983966 8.030793709058809e-24
2.223811623246493 6.289791795080079e-24
2.230823647294589 4.9281485297623495e-24
2.2378356713426855 3.8627909219994844e-24
2.2448476953907814 3.028926063114134e-24
2.2518597194388774 2.3759995174131567e-24
2.258871743486974 1.8645514266394335e-24
2.26588376753507 1.4637700294518955e-24
2.2728957915831662 1.1495871845715639e-24
2.279907815631262 9.031952712512415e-25
2.2869198396793586 7.098918064170973e-25
2.2939318637274546 5.581790292733309e-25
2.300943887775551 4.390619263694753e-25
2.307955911823647 3.4550075909970126e-25
2.3149679358717434 2.7198392853601445e-25
2.3219799599198394 2.1419460202691614e-25
2.328991983967936 1.6875042203021497e-25
2.336004008016032 1.330001997185437e-25
2.3430160320641282 1.0486505810587466e-25
2.350028056112224 8.271425979049132e-26
2.3570400801603206 6.526810970133203e-26
2.3640521042084166 5.1522000630230765e-26
2.371064128256513 4.068697527136698e-26
2.378076152304609 3.214319560066735e-26
2.3850881763527054 2.5403502879412788e-26
2.3921002004008014 2.0084869207071805e-26
2.399112224448898 1.5886023117033527e-26
2.406124248496994 1.2569907321498814e-26
2.41313627254509 9.949919788735714e-27
2.420148296593186 7.879118097602192e-27
2.4271603206412826 6.241745640410865e-27
2.4341723446893786 4.946577775162861e-27
2.441184368737475 3.921695059272231e-27
2.448196392785571 3.110375927258583e-27
2.4552084168336674 2.467867824729991e-27
2.4622204408817634 1.9588479503062887e-27
2.4692324649298594 1.555425560207545e-27
2.476244488977956 1.2355697337048678e-27
2.4832565130260518 9.818715144963643e-28
2.490268537074148 7.805689425979838e-28
2.497280561122244 6.20778852364093e-28
2.5042925851703406 4.93891355866447e-28
2.5113046092184366 3.930923770288492e-28
2.518316633266533 3.129870135944012e-28
2.525328657314629 2.493023215520693e-28
2.5323406813627254 1.9865268464519908e-28
2.5393527054108214 1.5835451976260042e-28
2.546364729458918 1.2627988859347206e-28
2.5533767535070138 1.0074080237647799e-28
2.56038877755511 8.039774955716786e-29
2.567400801603206 6.41873473391895e-29
2.5744128256513026 5.12650971917852e-29
2.5814248496993986 4.096007390063872e-29
2.588436873747495 3.273904680410585e-29
2.595448897795591 2.617805897804496e-29
2.6024609218436874 2.093990558495783e-29
2.6094729458917834 1.6756280166304153e-29
2.61648496993988 1.3413616020238038e-29
2.6234969939879758 1.0741853665810247e-29
2.630509018036072 8.605526307323982e-30
2.637521042084168 6.896682273838616e-30
2.6445330661322646 5.5292637775732445e-30
2.6515450901803606 4.434640648277657e-30
2.658557114228457 3.558060398900889e-30
2.665569138276553 2.855825560247014e-30
2.6725811623246494 2.2930484470792322e-30
2.6795931863727454 1.8418645605668077e-30
2.6866052104208418 1.4800104080433006e-30
2.6936172344689377 1.1896909849975343e-30
2.7006292585170337 9.566775851576425e-31
2.70764128256513 7.69588826804869e-31
2.714653306613226 6.193174741375703e-31
2.7216653306613225 4.985733188148404e-31
2.7286773547094185 4.01518485579163e-31
2.735689378757515 3.2347636676974215e-31
2.742701402805611 2.606992344465734e-31
2.7497134268537073 2.101826322126736e-31
2.7567254509018033 1.6951707512787497e-31
2.7637374749498997 1.3676951484010601e-31
2.7707494989979957 1.1038856082416134e-31
2.777761523046092 8.912866874399718e-32
2.784773547094188 7.198947793529537e-32
2.7917855711422845 5.816725299821891e-32
2.7987975951903805 4.7016000092547583e-32
2.805809619238477 3.8016318964625423e-32
2.812821643286573 3.0750442599639705e-32
2.8198336673346693 2.488222801355356e-32
2.8268456913827653 2.0141110232974555e-32
2.8338577154308617 1.6309229802223386e-32
2.8408697394789577 1.3211102419508293e-32
2.847881763527054 1.0705325664607467e-32
2.85489378757515 8.677918706226586e-33
2.8619058116232465 7.036971517048459e-33
2.8689178356713425 5.708344579230972e-33
2.875929859719439 4.6322115997808606e-33
2.882941883767535 3.760278977783331e-33
2.8899539078156313 3.053548749928623e-33
2.8969659318637273 2.4805181429882383e-33
2.9039779559118237 2.015730002954968e-33
2.9109899799599197 1.638605304935228e-33
2.918002004008016 1.3325025174682158e-33
2.925014028056112 1.0839594722044664e-33
2.932026052104208 8.82082112090158e-34
2.9390380761523045 7.1805148783636415e-34
2.9460501002004005 5.847259868766151e-34
2.953062124248497 4.7632028589440325e-34
2.960074148296593 3.881461370973289e-34
2.9670861723446893 3.1640300563313388e-34
2.9740981963927853 2.5800891173576075e-34
2.9811102204408817 2.104637091761643e-34
2.9881222444889777 1.7173854177439515e-34
2.995134268537074 1.4018643456627402e-34
3.00214629258517 1.1446995381378779e-34
3.0091583166332665 9.350265700696896e-35
3.0161703406813625 7.640168772385744e-35
3.023182364729459 6.244938071079644e-35
3.030194388777555 5.106215392130998e-35
3.0372064128256513 4.176529586816054e-35
3.0442184368737473 3.417252405704285e-35
3.0512304609218437 2.7969405985908154e-35
3.0582424849699397 2.2899908265949192e-35
3.065254509018036 1.875547993633782e-35
3.072266533066132 1.5366189512495914e-35
3.0792785571142285 1.259352696496433e-35
3.0862905811623245 1.0324555890575667e-35
3.093302605210421 8.467161006680658e-36
3.100314629258517 6.946184510002456e-36
3.1073266533066133 5.70028400051875e-36
3.1143386773547093 4.6793763565550007e-36
3.1213507014028057 3.842557594842248e-36
3.1283627254509017 3.156409516338432e-36
3.135374749498998 2.5936207595172847e-36
3.142386773547094 2.1318635120367694e-36
3.14939879759519 1.7528781785077842e-36
3.1564108216432865 1.4417272588110412e-36
3.1634228456913824 1.1861869559193482e-36
3.170434869739479 9.762509261588093e-37
3.177446893787575 8.037253684431541e-37
3.1844589178356713 6.618985327125721e-37
3.1914709418837672 5.45270881942802e-37
3.1984829659318637 4.4933470455351425e-37
3.2054949899799596 3.703940565177565e-37
3.212507014028056 3.0541760541950355e-37
3.219519038076152 2.5191832543918517e-37
3.2265310621242485 2.0785511219636397e-37
3.2335430861723444 1.7155229773662774e-37
3.240555110220441 1.4163378780808984e-37
3.247567134268537 1.1696914765325988e-37
3.2545791583166332 9.662945459111604e-38
3.2615911823647292 7.985113658981913e-38
3.2686032064128256 6.600634281268766e-38
3.2756152304609216 5.457865855645119e-38
3.282627254509018 4.514319430492069e-38
3.289639278557114 3.7350255910154235e-38
3.2966513026052104 3.0911947601749424e-38
3.3036633266533064 2.5591177645496415e-38
3.310675350701403 2.1192632934231936e-38
3.317687374749499 1.7555367593033143e-38
3.3246993987975952 1.4546715072130077e-38
3.331711422845691 1.2057285835230765e-38
3.3387234468937876 9.996855788539069e-39
3.3457354709418836 8.290985797435003e-39
3.35274749498998 6.878241439272422e-39
3.359759519038076 5.7079057131054515e-39
3.366771543086172 4.738096725740942e-39
3.3737835671342684 3.934218178146007e-39
3.3807955911823644 3.267683423482434e-39
3.387807615230461 2.7148644777841197e-39
3.394819639278557 2.2562260612495316e-39
3.401831663326653 1.875611879317845e-39
3.408843687374749 1.5596562018435284e-39
3.4158557114228456 1.2972985977214391e-39
3.4228677354709416 1.0793836209897316e-39
3.429879759519038 8.98330477972896e-40
3.436891783567134 7.478603604740597e-40
3.4439038076152304 6.227713113972223e-40
3.4509158316633264 5.187522816538354e-40
3.457927855711423 4.3222951056215645e-40
3.464939879759519 3.6023957336286057e-40
3.471951903807615 3.003244358152627e-40
3.478963927855711 2.5044467553794797e-40
3.4859759519038076 2.089077043318816e-40
3.4929879759519036 1.743083810338069e-40
3.5 1.4547986171440323e-40
