0.001 1.0740635724415606e-96
0.008012024048096193 2.0381692430087494e-92
0.015024048096192386 1.811722543688451e-89
0.022036072144288578 8.467898303705435e-87
0.02904809619238477 2.7606329096178603e-84
0.03606012024048096 6.923540073418215e-82
0.043072144288577155 1.4004965724453867e-79
0.05008416833667335 2.3487071806355353e-77
0.05709619238476954 3.3254263597959785e-75
0.06410821643286574 4.027275976514674e-73
0.07112024048096192 4.213927874043808e-71
0.07813226452905811 3.8406668612822075e-69
0.08514428857715431 3.070002631982417e-67
0.09215631262525051 2.164973452092497e-65
0.0991683366733467 1.354010385203432e-63
0.10618036072144288 7.5456181381969584e-62
0.11319238476953908 3.7630535202115315e-60
0.12020440881763528 1.6860999379526543e-58
0.12721643286573148 6.812837528013713e-57
0.13422845691382765 2.491020143442938e-55
0.14124048096192385 8.268864639497139e-54
0.14825250501002005 2.4996091990178672e-52
0.15526452905811622 6.901221773629133e-51
0.16227655310621242 1.7450845061944184e-49
0.16928857715430862 4.0522591553454245e-48
0.17630060120240482 8.663061368121001e-47
0.18331262525050102 1.709211137026935e-45
0.1903246492985972 3.1194923453797935e-44
0.1973366733466934 5.2784911163932854e-43
0.20434869739478959 8.298694035484253e-42
0.21136072144288576 1.2147452039450053e-40
0.21837274549098196 1.6588401491811528e-39
0.22538476953907816 2.1174106094996472e-38
0.23239679358717436 2.5310147236700092e-37
0.23940881763527055 2.8382666472832483e-36
0.24642084168336673 2.9911210469625286e-35
0.25343286573146295 2.967324946666726e-34
0.2604448897795591 2.7755591708042677e-33
0.2674569138276553 2.4517210266985503e-32
0.2744689378757515 2.0482628839296464e-31
0.2814809619238477 1.6208105560383007e-30
0.2884929859719439 1.2165455838090964e-29
0.2955050100200401 8.673060623558812e-29
0.3025170340681363 5.880902313136889e-28
0.30952905811623244 3.7975632897194364e-27
0.31654108216432864 2.3383003109951616e-26
0.32355310621242483 1.3745420196291925e-25
0.33056513026052103 7.723081407121058e-25
0.33757715430861723 4.15236178155369e-24
0.34458917835671343 2.13872109192341e-23
0.35160120240480963 1.0564179132239e-22
0.35861322645290583 5.00950227742002e-22
0.36562525050100203 2.2828218595398218e-21
0.3726372745490982 1.0006836039831102e-20
0.3796492985971944 4.2236244086195796e-20
0.3866613226452906 1.718075046368385e-19
0.39367334669338677 6.741560747977948e-19
0.40068537074148297 2.554008641758222e-18
0.40769739478957917 9.349734790989313e-18
0.41470941883767537 3.3101856945739773e-17
0.4217214428857715 1.1343124590382902e-16
0.4287334669338677 3.765146052976518e-16
0.4357454909819639 1.2115236812019666e-15
0.4427575150300601 3.781865633817114e-15
0.4497695390781563 1.1460902323494868e-14
0.4567815631262525 3.374240475737056e-14
0.4637935871743487 9.657740869855152e-14
0.4708056112224449 2.6891017937447506e-13
0.4778176352705411 7.288754510335713e-13
0.48482965931863725 1.9243699936135273e-12
0.49184168336673345 4.951999534113185e-12
0.49885370741482965 1.2427678350510191e-11
0.5058657314629259 3.043481579916499e-11
0.512877755511022 7.277294408550526e-11
0.5198897795591182 1.699921220320288e-10
0.5269018036072144 3.881343411916774e-10
0.5339138276553106 8.666797510873625e-10
0.5409258517034068 1.8935711943751186e-09
0.547937875751503 4.0501259923298895e-09
0.5549498997995992 8.484600511713215e-09
0.5619619238476954 1.7417147315104297e-08
0.5689739478957916 3.505153878559281e-08
0.5759859719438878 6.918601270936144e-08
0.582997995991984 1.3399931052083918e-07
0.5900100200400802 2.547693013285366e-07
0.5970220440881764 4.7570157062592906e-07
0.6040340681362726 8.726564693700593e-07
0.6110460921843688 1.5734294763918362e-06
0.6180581162324649 2.7894356243476176e-06
0.6250701402805611 4.86425474003777e-06
0.6320821643286573 8.346589973743927e-06
0.6390941883767535 1.409784504774527e-05
0.6461062124248497 2.344777575264564e-05
0.6531182364729459 3.841551115813025e-05
0.6601302605210421 6.201759246677437e-05
0.6671422845691383 9.868937101334345e-05
0.6741543086172345 0.0001548508536252254
0.6811663326653307 0.00023965246188310831
0.6881783567134269 0.0003659396196529273
0.6951903807615231 0.0005514769055875777
0.7022024048096193 0.0008204719027478277
0.7092144288577155 0.0012054349866990398
0.7162264529058117 0.0017494032700289825
0.7232384769539079 0.002508544023401883
0.7302505010020041 0.003555134590646171
0.7372625250501001 0.004980891902459535
0.7442745490981963 0.006900595397816976
0.7512865731462925 0.009455913234619872
0.7582985971943887 0.01281930444147477
0.765310621242485 0.017197831050504424
0.7723226452905811 0.02283667672050426
0.7793346693386773 0.030022134810795315
0.7863466933867735 0.039083802467292525
0.7933587174348697 0.05039570124911317
0.8003707414829659 0.06437604215924694
0.8073827655310621 0.08148536615862259
0.8143947895791583 0.1022228220898455
0.8214068136272545 0.1271203931655206
0.8284188376753507 0.15673495035727694
0.8354308617234469 0.19163809444668908
0.842442885771543 0.23240384517564122
0.8494549098196392 0.2795943416828987
0.8564669338677354 0.33374382807008246
0.8634789579158316 0.3953413056389673
0.8704909819639278 0.46481233287567336
0.877503006012024 0.542500539476849
0.8845150300601202 0.6286494859399003
0.8915270541082164 0.7233855406596952
0.8985390781563126 0.8267024584816088
0.9055511022044088 0.9384483261243097
0.912563126252505 1.058315490320807
0.9195751503006012 1.1858340051581553
0.9265871743486974 1.3203690288107024
0.9335991983967936 1.4611224710494766
0.9406112224448898 1.6071390472162659
0.947623246492986 1.757316738348827
0.9546352705410822 1.9104214979581862
0.9616472945891783 2.0651058908629185
0.9686593186372745 2.21993120549748
0.9756713426853707 2.3733924546218064
0.9826833667334669 2.523945575801577
0.9896953907815631 2.6700360666212464
0.9967074148296593 2.8101282431576515
1.0037194388777555 2.9427342951118773
1.0107314629258517 3.0664423270030725
1.0177434869739477 3.179942620376635
1.0247555110220439 3.282051424198697
1.03176753507014 3.3717316755550555
1.0387795591182363 3.448110165681038
1.0457915831663325 3.510490791910356
1.0528036072144287 3.558363668781887
1.0598156312625249 3.5914100057430254
1.066827655310621 3.609502789379592
1.0738396793587173 3.6127034301348897
1.0808517034068135 3.6012546429919365
1.0878637274549097 3.575569925341096
1.0948757515030059 3.5362200708969804
1.101887775551102 3.4839172146493094
1.1088997995991983 3.4194969399267294
1.1159118236472945 3.3438989950625557
1.1229238476953907 3.2581471649715557
1.1299358717434869 3.163328823901805
1.136947895791583 3.060574661931885
1.1439599198396793 2.951039032003196
1.1509719438877755 2.8358813091710475
1.1579839679358717 2.716248592148224
1.1649959919839679 2.593260011859124
1.172008016032064 2.4679928452083044
1.1790200400801603 2.3414705669253966
1.1860320641282565 2.214652910190174
1.1930440881763527 2.088427949417826
1.2000561122244489 1.9636061673663947
1.207068136272545 1.8409164245068217
1.2140801603206413 1.7210037118982413
1.2210921843687375 1.6044285398304063
1.2281042084168337 1.4916677931294064
1.2351162324649296 1.3831168699224758
1.2421282565130258 1.2790929132731945
1.249140280561122 1.1798389437321553
1.2561523046092182 1.0855287047016917
1.2631643286573144 0.9962720407333544
1.2701763527054106 0.9121206405939464
1.2771883767535068 0.8330739912996737
1.284200400801603 0.7590854055235907
1.2912124248496992 0.6900680020916029
1.2982244488977954 0.6259005370415193
1.3052364729458916 0.5664330003639624
1.3122484969939878 0.5114919106046485
1.319260521042084 0.4608852556110559
1.3262725450901802 0.414407042570516
1.3332845691382764 0.3718414339138603
1.3402965931863726 0.33296645752784804
1.3473086172344688 0.29755728997647773
1.354320641282565 0.2653891200781371
1.3613326653306612 0.2362396072708053
1.3683446893787574 0.20989095480575815
1.3753567134268536 0.18613162205282077
1.3823687374749498 0.16475770320690142
1.389380761523046 0.14557400159687714
1.3963927855711422 0.1283948297590431
1.4034048096192384 0.11304456559260025
1.4104168336673346 0.09935799440349873
1.4174288577154308 0.08718046559665439
1.424440881763527 0.07636789131601744
1.4314529058116232 0.0667866125661838
1.4384649298597194 0.05831315637449635
1.4454769539078156 0.050833905452229974
1.4524889779559118 0.04424469965810687
1.459501002004008 0.03845038641549661
1.466513026052104 0.03336433513330635
1.4735250501002002 0.0289079286664887
1.4805370741482964 0.025010042952747967
1.4875490981963926 0.021606524196723726
1.4945611222444888 0.01863967135401648
1.501573146292585 0.01605773020131304
1.5085851703406812 0.01381440396715171
1.5155971943887774 0.011868384338211437
1.5226092184368736 0.010182905643041602
1.5296212424849698 0.008725324141225453
1.536633266533066 0.007466723601824981
1.5436452905811622 0.00638154773027225
1.5506573146292584 0.005447259486759315
1.5576693386773546 0.00464402692054673
1.5646813627254508 0.00395443481248908
1.571693386773547 0.003363221161846434
1.5787054108216432 0.002857037363026488
1.5857174348697394 0.0024242307838556777
1.5927294589178356 0.0020546483706179895
1.5997414829659318 0.0017394598585227731
1.606753507014028 0.0014709991523609754
1.6137655310621242 0.0012426224545694178
1.6207775551102204 0.0010485817511974322
1.6277895791583166 0.0008839123155395689
1.6348016032064128 0.0007443329503220135
1.641813627254509 0.0006261577587942499
1.6488256513026052 0.0005262183099360347
1.6558376753507014 0.0004417951408076769
1.6628496993987976 0.0003705576178678526
1.6698617234468938 0.00031051125727439257
1.67687374749499 0.0002599516805326477
1.683885771543086 0.00021742445542324154
1.6908977955911821 0.0001816901422389117
1.6979098196392783 0.00015169393151340358
1.7049218436873745 0.0001265393213344013
1.7119338677354707 0.00010546533984118725
1.718945891783567 8.782687157532513e-05
1.7259579158316631 7.30776950293548e-05
1.7329699398797593 6.07558831443404e-05
1.7399819639278555 5.047125881433265e-05
1.7469939879759517 4.1894633873807856e-05
1.754006012024048 3.4748592807171766e-05
1.7610180360721441 2.879961177640874e-05
1.7680300601202403 2.3851329769433077e-05
1.7750420841683365 1.973881198329979e-05
1.7820541082164327 1.632366622394854e-05
1.789066132264529 1.3489891369762367e-05
1.7960781563126251 1.1140353040797309e-05
1.8030901803607213 9.193795756754757e-06
1.8101022044088175 7.582313257978525e-06
1.8171142284569137 6.24920949335194e-06
1.82412625250501 5.147192220239982e-06
1.8311382765531061 4.2368493729326584e-06
1.8381503006012023 3.485365481286322e-06
1.8451623246492985 2.865441590468338e-06
1.8521743486973947 2.3543874628359947e-06
1.859186372745491 1.9333594387369403e-06
1.8661983967935871 1.5867212877645764e-06
1.8732104208416833 1.3015087786599134e-06
1.8802224448897795 1.0669816079999338e-06
1.8872344689378757 8.742488197689636e-07
1.894246492985972 7.159559767655759e-07
1.9012585170340681 5.860241604165434e-07
1.9082705410821643 4.794324215269427e-07
1.9152825651302603 3.92036618769921e-07
1.9222945891783565 3.2041869732387934e-07
1.9293066132264527 2.6176140562462226e-07
1.936318637274549 2.1374424847803155e-07
1.943330661322645 1.7445715114751386e-07
1.9503426853707413 1.4232887989560572e-07
1.9573547094188375 1.1606774563870671e-07
1.9643667334669337 9.461252243464654e-08
1.97137875751503 7.709185307777574e-08
1.978390781563126 6.279070004798235e-08
1.9854028056112223 5.112263991094189e-08
1.9924148296593185 4.1607000202039516e-08
1.9994268537074147 3.385000596960949e-08
2.006438877755511 2.752924370109435e-08
2.013450901803607 2.2380867711256144e-08
2.0204629258517035 1.8189071959302864e-08
2.0274749498997995 1.4777431827997024e-08
2.0344869739478955 1.2001788296317656e-08
2.041498997995992 9.744403403592499e-09
2.048511022044088 7.909162817639728e-09
2.0555230460921843 6.417640262240717e-09
2.0625350701402803 5.205870855746544e-09
2.0695470941883767 4.221707173643779e-09
2.0765591182364727 3.422654003290969e-09
2.083571142284569 2.774096086121381e-09
2.090583166332665 2.2478482905894674e-09
2.0975951903807615 1.8209701695402368e-09
2.1046072144288575 1.474797179781866e-09
2.111619238476954 1.194149355081713e-09
2.11863126252505 9.666852389862134e-10
2.1256432865731463 7.823746603063083e-10
2.1326553106212423 6.330686872258993e-10
2.1396673346693387 5.121490043953678e-10
2.1466793587174346 4.1424216904983677e-10
2.153691382765531 3.349868396286567e-10
2.160703406813627 2.708442348730871e-10
2.1677154308617235 2.1894385665121401e-10
2.1747274549098194 1.7695796492091405e-10
2.181739478957916 1.429994853136722e-10
2.188751503006012 1.1553900581332657e-10
2.1957635270541083 9.333731763617278e-11
2.2027755511022042 7.539060856832925e-11
2.2097875751503007 6.08859509016962e-11
2.2167995991983966 4.91651622841937e-11
2.223811623246493 3.9695473967048233e-11
2.230823647294589 3.204573162547158e-11
2.2378356713426855 2.5867091071876752e-11
2.2448476953907814 2.087736454826599e-11
2.2518597194388774 1.6848330886019198e-11
2.258871743486974 1.3595451216096921e-11
2.26588376753507 1.0969536468473537e-11
2.2728957915831662 8.849998007263467e-12
2.279907815631262 7.139381996964665e-12
2.2869198396793586 5.758944418401609e-12
2.2939318637274546 4.645069445510969e-12
2.300943887775551 3.746371111089252e-12
2.307955911823647 3.0213484260685252e-12
2.3149679358717434 2.4364886734531685e-12
2.3219799599198394 1.9647335349208087e-12
2.328991983967936 1.5842388889733984e-12
2.336004008016032 1.2773722478218032e-12
2.3430160320641282 1.0299024484548233e-12
2.350028056112224 8.303448474744294e-13
2.3570400801603206 6.694322681946672e-13
2.3640521042084166 5.396876202891168e-13
2.371064128256513 4.3507870731257975e-13
2.378076152304609 3.507394591409711e-13
2.3850881763527054 2.827448399714788e-13
2.3921002004008014 2.2792912212879583e-13
2.399112224448898 1.8373919038234065e-13
2.406124248496994 1.48116139109369e-13
2.41313627254509 1.1939971706644127e-13
2.420148296593186 9.625121983467669e-14
2.4271603206412826 7.759127525753518e-14
2.4341723446893786 6.254965054133469e-14
2.441184368737475 5.042476204154954e-14
2.448196392785571 4.065101514129331e-14
2.4552084168336674 3.277246230735389e-14
2.4622204408817634 2.6421558788526857e-14
2.4692324649298594 2.130203077640538e-14
2.476244488977956 1.717506092189247e-14
2.4832565130260518 1.3848149580238751e-14
2.490268537074148 1.1166134070422736e-14
2.497280561122244 9.00394826291576e-15
2.5042925851703406 7.260785546405061e-15
2.5113046092184366 5.855393381261317e-15
2.518316633266533 4.7222802252791935e-15
2.525328657314629 3.808658039268775e-15
2.5323406813627254 3.071977804285299e-15
2.5393527054108214 2.477943090007672e-15
2.546364729458918 1.998908981961418e-15
2.5533767535070138 1.6125916349900319e-15
2.56038877755511 1.301028203949359e-15
2.567400801603206 1.0497385819028274e-15
2.5744128256513026 8.470497933601187e-16
2.5814248496993986 6.835514829047074e-16
2.588436873747495 5.516570609514325e-16
2.595448897795591 4.452500032118081e-16
2.6024609218436874 3.5939877849575995e-16
2.6094729458917834 2.901270860883557e-16
2.61648496993988 2.342286685884791e-16
2.6234969939879758 1.8911804933485582e-16
2.630509018036072 1.5271022258153627e-16
2.637521042084168 1.23323677802192e-16
2.6445330661322646 9.960223009483299e-17
2.6515450901803606 8.045200757447333e-17
2.658557114228457 6.499065495143005e-17
2.665569138276553 5.250638330543097e-17
2.6725811623246494 4.2424956066142416e-17
2.6795931863727454 3.428307190890265e-17
2.6866052104208418 2.7706904005956205e-17
2.6936172344689377 2.2394795810243145e-17
2.7006292585170337 1.810330755053488e-17
2.70764128256513 1.4635963957724972e-17
2.714653306613226 1.1834179734794446e-17
2.7216653306613225 9.569940820147419e-18
2.7286773547094185 7.739901324167206e-18
2.735689378757515 6.26062196835826e-18
2.742701402805611 5.064729008708082e-18
2.7497134268537073 4.0978154644468356e-18
2.7567254509018033 3.3159410022883355e-18
2.7637374749498997 2.683614657730596e-18
2.7707494989979957 2.1721670090634e-18
2.777761523046092 1.7584365038817485e-18
2.784773547094188 1.4237092162671886e-18
2.7917855711422845 1.1528630655807513e-18
2.7987975951903805 9.336770031732675e-19
2.805809619238477 7.562733129927568e-19
2.812821643286573 6.12667332053508e-19
2.8198336673346693 4.9640386392282995e-19
2.8268456913827653 4.022635640077887e-19
2.8338577154308617 3.2602580584291515e-19
2.8408697394789577 2.6427714300092644e-19
2.847881763527054 2.142565827427544e-19
2.85489378757515 1.737305826865477e-19
2.8619058116232465 1.4089204927843997e-19
2.8689178356713425 1.14278720114462e-19
2.875929859719439 9.270720232318559e-20
2.882941883767535 7.521965749805822e-20
2.8899539078156313 6.104070330575761e-20
2.8969659318637273 4.954256969547773e-20
2.9039779559118237 4.021692520733727e-20
2.9109899799599197 3.26520936571805e-20
2.918002004008016 2.651462751796527e-20
2.925014028056112 2.1534402964051958e-20
2.932026052104208 1.749256194050423e-20
2.9390380761523045 1.421175614383758e-20
2.9460501002004005 1.15482524063049e-20
2.953062124248497 9.385543465969985e-21
2.960074148296593 7.629176355136181e-21
2.9670861723446893 6.2025657777870964e-21
2.9740981963927853 5.043604396761857e-21
2.9811102204408817 4.101917950762641e-21
2.9881222444889777 3.33664221459221e-21
2.995134268537074 2.714622330880548e-21
3.00214629258517 2.208954049937916e-21
3.0091583166332665 1.7978017817771558e-21
3.0161703406813625 1.4634407897591162e-21
3.023182364729459 1.1914809032186741e-21
3.030194388777555 9.702372527923644e-22
3.0372064128256513 7.902201053098467e-22
3.0442184368737473 6.437211926088761e-22
3.0512304609218437 5.244782309158814e-22
3.0582424849699397 4.274028087978032e-22
3.065254509018036 3.4835963915716533e-22
3.072266533066132 2.8398745123209087e-22
3.0792785571142285 2.3155364467303105e-22
3.0862905811623245 1.8883632244938628e-22
3.093302605210421 1.5402852966066663e-22
3.100314629258517 1.2566050552928016e-22
3.1073266533066133 1.0253654980205257e-22
3.1143386773547093 8.368374797032927e-23
3.1213507014028057 6.831032084054349e-23
3.1283627254509017 5.577178627566021e-23
3.135374749498998 4.554346317833483e-23
3.142386773547094 3.719812521115493e-23
3.14939879759519 3.0387836660680884e-23
3.1564108216432865 2.482918521857588e-23
3.1634228456913824 2.0291274345514645e-23
3.170434869739479 1.6585957837501648e-23
3.177446893787575 1.355989652286696e-23
3.1844589178356713 1.1088095969052616e-23
3.1914709418837672 9.06864814492069e-24
3.1984829659318637 7.418451981021609e-24
3.2054949899799596 6.069729977867275e-24
3.212507014028056 4.967192279202305e-24
3.219519038076152 4.0657274520454814e-24
3.2265310621242485 3.328521812699266e-24
3.2335430861723444 2.7255274930935193e-24
3.240555110220441 2.2322143536144456e-24
3.247567134268537 1.828552964981953e-24
3.2545791583166332 1.4981857284393583e-24
3.2615911823647292 1.2277512070505813e-24
3.2686032064128256 1.006333247371636e-24
3.2756152304609216 8.250117611106003e-25
3.282627254509018 6.7649633865255e-25
3.289639278557114 5.548273656545224e-25
3.2966513026052104 4.551321606530978e-25
3.3036633266533064 3.7342596788069444e-25
3.310675350701403 3.064495244371658e-25
3.317687374749499 2.515364551941011e-25
3.3246993987975952 2.0650499779429428e-25
3.331711422845691 1.695695770622507e-25
3.3387234468937876 1.3926857631557194e-25
3.3457354709418836 1.1440532762587837e-25
3.35274749498998 9.399989261273571e-26
3.359759519038076 7.724965311806335e-26
3.366771543086172 6.349709601412657e-26
3.3737835671342684 5.220347383259579e-26
3.3807955911823644 4.292726538438015e-26
3.387807615230461 3.5306558258669745e-26
3.394819639278557 2.9044636337923445e-26
3.401831663326653 2.3898186994487846e-26
3.408843687374749 1.9667649941528883e-26
3.4158557114228456 1.6189317272561376e-26
3.4228677354709416 1.3328865686725053e-26
3.429879759519038 1.097606023162162e-26
3.436891783567134 9.040416522613595e-27
3.4439038076152304 7.447647289631536e-27
3.4509158316633264 6.13675086767784e-27
3.457927855711423 5.057625196216401e-27
3.464939879759519 4.169112094416696e-27
3.471951903807615 3.437393905476572e-27
3.478963927855711 2.834678765088586e-27
3.4859759519038076 2.3381223266397874e-27
3.4929879759519036 1.9289432423433384e-27
3.5 1.5916974415307714e-27
