0.001 7.174640031003188e-223
0.008012024048096193 3.534589502831165e-216
0.015024048096192386 7.194799982853024e-211
0.022036072144288578 6.816871993816269e-206
0.02904809619238477 4.001797605910539e-201
0.03606012024048096 1.6106993318870568e-196
0.043072144288577155 4.6753005472460074e-192
0.05008416833667335 1.0091360903786642e-187
0.05709619238476954 1.6543166122792507e-183
0.06410821643286574 2.092912345926405e-179
0.07112024048096192 2.0698153949712865e-175
0.07813226452905811 1.617597738777604e-171
0.08514428857715431 1.0084991322392667e-167
0.09215631262525051 5.058447874606459e-164
0.0991683366733467 2.0570041339702286e-160
0.10618036072144288 6.82979835184053e-157
0.11319238476953908 1.8638130666343334e-153
0.12020440881763528 4.2063822544631074e-150
0.12721643286573148 7.897074590616841e-147
0.13422845691382765 1.2401740686433137e-143
0.14124048096192385 1.6377569933990449e-140
0.14825250501002005 1.8279062826243972e-137
0.15526452905811622 1.732561700890038e-134
0.16227655310621242 1.4010703020235386e-131
0.16928857715430862 9.709432097029187e-129
0.17630060120240482 5.7908524828995005e-126
0.18331262525050102 2.9846182325515643e-123
0.1903246492985972 1.334598314971033e-120
0.1973366733466934 5.197381225754147e-118
0.20434869739478959 1.769252094882388e-115
0.21136072144288576 5.283359727929132e-113
0.21837274549098196 1.3887949688557618e-110
0.22538476953907816 3.224157581079229e-108
0.23239679358717436 6.631931854452827e-106
0.23940881763527055 1.2124391759358726e-103
0.24642084168336673 1.975983588562464e-101
0.25343286573146295 2.879229487696898e-99
0.2604448897795591 3.7615373882399137e-97
0.2674569138276553 4.4181381564707986e-95
0.2744689378757515 4.677892681456305e-93
0.2814809619238477 4.476262307636701e-91
0.2884929859719439 3.8807774216995036e-89
0.2955050100200401 3.055702928817859e-87
0.3025170340681363 2.1903464531700154e-85
0.30952905811623244 1.432563475493212e-83
0.31654108216432864 8.567921555445127e-82
0.32355310621242483 4.696030676546416e-80
0.33056513026052103 2.363668696985996e-78
0.33757715430861723 1.0947702054761588e-76
0.34458917835671343 4.675148725508853e-75
0.35160120240480963 1.8443155013283175e-73
0.35861322645290583 6.73364469842324e-72
0.36562525050100203 2.2794269511349127e-70
0.3726372745490982 7.166797928002164e-69
0.3796492985971944 2.0964815911775223e-67
0.3866613226452906 5.71538365456533e-66
0.39367334669338677 1.4544221318606315e-64
0.40068537074148297 3.460266471189345e-63
0.40769739478957917 7.708455529060394e-62
0.41470941883767537 1.6103150779569163e-60
0.4217214428857715 3.1591454074382496e-59
0.4287334669338677 5.828495925426223e-58
0.4357454909819639 1.012670449949474e-56
0.4427575150300601 1.659149248703178e-55
0.4497695390781563 2.566694272537106e-54
0.4567815631262525 3.7539210447178626e-53
0.4637935871743487 5.197028116435141e-52
0.4708056112224449 6.81878046281702e-51
0.4778176352705411 8.488860272991729e-50
0.48482965931863725 1.0038744163040823e-48
0.49184168336673345 1.1289646825336952e-47
0.49885370741482965 1.2087143322285362e-46
0.5058657314629259 1.2333002214175032e-45
0.512877755511022 1.2005042343015322e-44
0.5198897795591182 1.1159508055582083e-43
0.5269018036072144 9.916050018937667e-43
0.5339138276553106 8.430628405244021e-42
0.5409258517034068 6.864577060338519e-41
0.547937875751503 5.357908336367044e-40
0.5549498997995992 4.012266916978672e-39
0.5619619238476954 2.8851831409461433e-38
0.5689739478957916 1.993943490726128e-37
0.5759859719438878 1.3254586611684337e-36
0.582997995991984 8.481697513252614e-36
0.5900100200400802 5.228819096916717e-35
0.5970220440881764 3.107860719706745e-34
0.6040340681362726 1.7823028688626945e-33
0.6110460921843688 9.869172278224389e-33
0.6180581162324649 5.28042614791021e-32
0.6250701402805611 2.7317987996843567e-31
0.6320821643286573 1.3674622229434194e-30
0.6390941883767535 6.627616442029257e-30
0.6461062124248497 3.11212197058258e-29
0.6531182364729459 1.4167341438742337e-28
0.6601302605210421 6.256357724105156e-28
0.6671422845691383 2.6817545514374766e-27
0.6741543086172345 1.1164454176682982e-26
0.6811663326653307 4.5167692800486406e-26
0.6881783567134269 1.7767875224990546e-25
0.6951903807615231 6.7998597406227695e-25
0.7022024048096193 2.533118934600315e-24
0.7092144288577155 9.190336601289025e-24
0.7162264529058117 3.249012561231799e-23
0.7232384769539079 1.1197844691271123e-22
0.7302505010020041 3.764390356204491e-22
0.7372625250501001 1.234927278975548e-21
0.7442745490981963 3.9552995880841635e-21
0.7512865731462925 1.237396577730526e-20
0.7582985971943887 3.782908588407285e-20
0.765310621242485 1.130633405137604e-19
0.7723226452905811 3.305097470104776e-19
0.7793346693386773 9.453587253364153e-19
0.7863466933867735 2.646905113354365e-18
0.7933587174348697 7.257467416426114e-18
0.8003707414829659 1.9494345733318445e-17
0.8073827655310621 5.1318893436201766e-17
0.8143947895791583 1.324511051472553e-16
0.8214068136272545 3.352777448458268e-16
0.8284188376753507 8.326883027607767e-16
0.8354308617234469 2.029753257627702e-15
0.842442885771543 4.8577850723393154e-15
0.8494549098196392 1.1418674160503275e-14
0.8564669338677354 2.637062338073678e-14
0.8634789579158316 5.985417403841707e-14
0.8704909819639278 1.3356014751055486e-13
0.877503006012024 2.9309199541572936e-13
0.8845150300601202 6.327163783782847e-13
0.8915270541082164 1.3440733188557933e-12
0.8985390781563126 2.810435788573541e-12
0.9055511022044088 5.786109761358829e-12
0.912563126252505 1.1732347119020594e-11
0.9195751503006012 2.3436289223650828e-11
0.9265871743486974 4.613351744528866e-11
0.9335991983967936 8.95125184602249e-11
0.9406112224448898 1.7123947574999149e-10
0.947623246492986 3.2306364174166487e-10
0.9546352705410822 6.012365137395229e-10
0.9616472945891783 1.104034208603891e-09
0.9686593186372745 2.0008032986500547e-09
0.9756713426853707 3.579428294269397e-09
0.9826833667334669 6.3228238337912436e-09
0.9896953907815631 1.1030505908411905e-08
0.9967074148296593 1.9009189952567352e-08
1.0037194388777555 3.236761194893303e-08
1.0107314629258517 5.446654238866348e-08
1.0177434869739477 9.059672858183538e-08
1.0247555110220439 1.4898705009425923e-07
1.03176753507014 2.4228463401466505e-07
1.0387795591182363 3.8970050364409177e-07
1.0457915831663325 6.200812501268279e-07
1.0528036072144287 9.762521163682133e-07
1.0598156312625249 1.5210826696676274e-06
1.066827655310621 2.3458555919139e-06
1.0738396793587173 3.5816741746923597e-06
1.0808517034068135 5.414826083092001e-06
1.0878637274549097 8.10722966474891e-06
1.0948757515030059 1.2023322433237069e-05
1.101887775551102 1.7665004785434877e-05
1.1088997995991983 2.5716517953695852e-05
1.1159118236472945 3.710140259508444e-05
1.1229238476953907 5.305393839401227e-05
1.1299358717434869 7.520768671487141e-05
1.136947895791583 0.00010570392490317481
1.1439599198396793 0.00014732284604324777
1.1509719438877755 0.00020364037292377408
1.1579839679358717 0.00027921326928892097
1.1649959919839679 0.00037979489501602156
1.172008016032064 0.0005125834167466183
1.1790200400801603 0.0006865035283672158
1.1860320641282565 0.0009125217403734483
1.1930440881763527 0.0012039940570615234
1.2000561122244489 0.0015770433813651764
1.207068136272545 0.0020509622889946714
1.2140801603206413 0.0026486349322085993
1.2210921843687375 0.0033969698215989587
1.2281042084168337 0.004327333160746856
1.2351162324649296 0.005475970357835523
1.2421282565130258 0.0068844014074887095
1.249140280561122 0.008599774131759594
1.2561523046092182 0.010675157902565078
1.2631643286573144 0.013169759549388482
1.2701763527054106 0.016149042789309113
1.2771883767535068 0.019684732791588718
1.284200400801603 0.023854688476757025
1.2912124248496992 0.028742626895561868
1.2982244488977954 0.03443768655112204
1.3052364729458916 0.04103381979905772
1.3122484969939878 0.04862900843026447
1.319260521042084 0.05732430111826633
1.3262725450901802 0.0672226764723953
1.3332845691382764 0.07842774082357093
1.3402965931863726 0.09104227540048883
1.3473086172344688 0.10516665303218904
1.354320641282565 0.12089714973065369
1.3613326653306612 0.13832418125666837
1.3683446893787574 0.1575304988556517
1.3753567134268536 0.17858938158837862
1.3823687374749498 0.2015628649229144
1.389380761523046 0.22650004638195181
1.3963927855711422 0.25343550897819905
1.4034048096192384 0.28238790188819374
1.4104168336673346 0.31335871532704895
1.4174288577154308 0.3463312829542834
1.424440881763527 0.3812700404686172
1.4314529058116232 0.41812006348095904
1.4384649298597194 0.4568069014659609
1.4454769539078156 0.49723671778484896
1.4524889779559118 0.5392967386636649
1.459501002004008 0.5828560068271557
1.466513026052104 0.627766428453347
1.4735250501002002 0.673864095441241
1.4805370741482964 0.7209708588698723
1.4875490981963926 0.7688961241421919
1.4945611222444888 0.8174388337923623
1.501573146292585 0.8663896003966409
1.5085851703406812 0.91553294953577
1.5155971943887774 0.9646496313433879
1.5226092184368736 1.0135189588365958
1.5296212424849698 1.0619211319234725
1.536633266533066 1.1096395076494039
1.5436452905811622 1.1564627797843827
1.5506573146292584 1.202187034150712
1.5576693386773546 1.2466176500124766
1.5646813627254508 1.2895710222525254
1.571693386773547 1.3308760838024574
1.5787054108216432 1.3703756127200555
1.5857174348697394 1.4079273132858272
1.5927294589178356 1.443404665384497
1.5997414829659318 1.4766975411302168
1.606753507014028 1.5077125920830667
1.6137655310621242 1.536373414403918
1.6207775551102204 1.5626205028379454
1.6277895791583166 1.5864110074558972
1.6348016032064128 1.6077183095868213
1.641813627254509 1.6265314353337523
1.6488256513026052 1.6428543264784705
1.6558376753507014 1.6567049894703294
1.6628496993987976 1.6681145435869515
1.6698617234468938 1.677126189290972
1.67687374749499 1.683794117333828
1.683885771543086 1.6881823783275065
1.6908977955911821 1.6903637313739068
1.6979098196392783 1.6904184889658036
1.7049218436873745 1.6884333738102677
1.7119338677354707 1.6845004015289482
1.718945891783567 1.678715801411586
1.7259579158316631 1.6711789855864807
1.7329699398797593 1.6619915751666223
1.7399819639278555 1.6512564901697442
1.7469939879759517 1.6390771083257156
1.754006012024048 1.6255564963010007
1.7610180360721441 1.6107967154070992
1.7680300601202403 1.5948982025324656
1.7750420841683365 1.5779592258549509
1.7820541082164327 1.5600754138591293
1.789066132264529 1.5413393553011152
1.7960781563126251 1.5218402670300364
1.8030901803607213 1.5016637259848318
1.8101022044088175 1.4808914612298667
1.8171142284569137 1.4596012015632565
1.82412625250501 1.4378665740170815
1.8311382765531061 1.4157570484571
1.8381503006012023 1.39333792346875
1.8451623246492985 1.3706703487742142
1.8521743486973947 1.3478113795496571
1.859186372745491 1.3248140581910426
1.8661983967935871 1.3017275192999496
1.8732104208416833 1.2785971139175516
1.8802224448897795 1.2554645493156755
1.8872344689378757 1.232368040950674
1.894246492985972 1.2093424734908291
1.9012585170340681 1.1864195681351077
1.9082705410821643 1.16362805374463
1.9152825651302603 1.1409938396036952
1.9222945891783565 1.1185401879109507
1.9293066132264527 1.0962878843705073
1.936318637274549 1.074255405505157
1.943330661322645 1.0524590815480572
1.9503426853707413 1.0309132539842853
1.9573547094188375 1.0096304270090515
1.9643667334669337 0.9886214123452868
1.97137875751503 0.9678954670198802
1.978390781563126 0.9474604238358996
1.9854028056112223 0.927322814398373
1.9924148296593185 0.9074879846547109
1.9994268537074147 0.8879602029987719
2.006438877755511 0.8687427610610997
2.013450901803607 0.8498380673682197
2.0204629258517035 0.8312477341023639
2.0274749498997995 0.8129726572308879
2.0344869739478955 0.7950130903030073
2.041498997995992 0.777368712231681
2.048511022044088 0.7600386893914062
2.0555230460921843 0.7430217323694661
2.0625350701402803 0.7263161477098217
2.0695470941883767 0.7099198849859465
2.0765591182364727 0.6938305795326312
2.083571142284569 0.6780455911574534
2.090583166332665 0.6625620391411395
2.0975951903807615 0.6473768338227526
2.1046072144288575 0.632486705051219
2.111619238476954 0.6178882277693165
2.11863126252505 0.6035778449805151
2.1256432865731463 0.5895518883329975
2.1326553106212423 0.575806596539319
2.1396673346693387 0.5623381318344093
2.1466793587174346 0.5491425946593985
2.153691382765531 0.5362160367439726
2.160703406813627 0.5235544727458837
2.1677154308617235 0.5111538905927919
2.1747274549098194 0.4990102606590015
2.181739478957916 0.4871195438976918
2.188751503006012 0.4754776990381883
2.1957635270541083 0.4640806889474213
2.2027755511022042 0.45292448624519627
2.2097875751503007 0.4420050782540194
2.2167995991983966 0.4313184713561552
2.223811623246493 0.4208606948231163
2.230823647294589 0.410627804176039
2.2378356713426855 0.40061588412920507
2.2448476953907814 0.3908210511633869
2.2518597194388774 0.38123945577060886
2.258871743486974 0.3718672844073666
2.26588376753507 0.3627007611892243
2.2728957915831662 0.3537361493559888
2.279907815631262 0.34496975253340445
2.2869198396793586 0.33639791581427914
2.2939318637274546 0.328017026679376
2.300943887775551 0.3198235157759956
2.307955911823647 0.31181385757012603
2.3149679358717434 0.30398457088614245
2.3219799599198394 0.29633221934642096
2.328991983967936 0.288853411721755
2.336004008016032 0.28154480220219485
2.3430160320641282 0.27440309059677015
2.350028056112224 0.26742502246959154
2.3570400801603206 0.26060738921890814
2.3640521042084166 0.25394702810496395
2.371064128256513 0.24744082223177957
2.378076152304609 0.24108570048742786
2.3850881763527054 0.23487863744681672
2.3921002004008014 0.22881665324056097
2.399112224448898 0.2228968133931104
2.406124248496994 0.217116228632959
2.41313627254509 0.21147205467744803
2.420148296593186 0.20596149199441835
2.4271603206412826 0.2005817855427183
2.4341723446893786 0.19533022449338597
2.441184368737475 0.19020414193312948
2.448196392785571 0.18520091455158683
2.4552084168336674 0.18031796231369382
2.4622204408817634 0.1755527481183822
2.4692324649298594 0.1709027774447153
2.476244488977956 0.16636559798647235
2.4832565130260518 0.16193879927612204
2.490268537074148 0.15762001229903586
2.497280561122244 0.15340690909873914
2.5042925851703406 0.14929720237393235
2.5113046092184366 0.14528864506796638
2.518316633266533 0.14137902995140056
2.525328657314629 0.1375661891982435
2.5323406813627254 0.13384799395641586
2.5393527054108214 0.13022235391296286
2.546364729458918 0.12668721685448514
2.5533767535070138 0.12324056822325002
2.56038877755511 0.11988043066939202
2.567400801603206 0.11660486359960841
2.5744128256513026 0.11341196272270329
2.5814248496993986 0.11029985959233904
2.588436873747495 0.10726672114729877
2.595448897795591 0.10431074924957066
2.6024609218436874 0.10143018022052734
2.6094729458917834 0.0986232843754552
2.61648496993988 0.0958883655566797
2.6234969939879758 0.09322376066550844
2.630509018036072 0.09062783919319876
2.637521042084168 0.08809900275115179
2.6445330661322646 0.08563568460050824
2.6515450901803606 0.08323634918133203
2.658557114228457 0.08089949164153902
2.665569138276553 0.07862363736574254
2.6725811623246494 0.0764073415041705
2.6795931863727454 0.07424918850182027
2.6866052104208418 0.07214779162801165
2.6936172344689377 0.07010179250651352
2.7006292585170337 0.06810986064642227
2.70764128256513 0.06617069297398627
2.714653306613226 0.06428301336558656
2.7216653306613225 0.06244557218210057
2.7286773547094185 0.06065714580490115
2.735689378757515 0.0589165361737634
2.742701402805611 0.05722257032698516
2.7497134268537073 0.055574099944047925
2.7567254509018033 0.053970000891185775
2.7637374749498997 0.05240917277025335
2.7707494989979957 0.05089053847132349
2.777761523046092 0.04941304372947507
2.784773547094188 0.047975656686262004
2.7917855711422845 0.04657736745639108
2.7987975951903805 0.045217187700158146
2.805809619238477 0.04389415020221974
2.812821643286573 0.04260730845730249
2.8198336673346693 0.04135573626345908
2.8268456913827653 0.04013852732350168
2.8338577154308617 0.03895479485523618
2.8408697394789577 0.03780367121112655
2.847881763527054 0.03668430750799806
2.85489378757515 0.035595873267374574
2.8619058116232465 0.03453755606701048
2.8689178356713425 0.033508561204141446
2.875929859719439 0.032508111370926025
2.882941883767535 0.03153544634249566
2.8899539078156313 0.030589822677956163
2.8969659318637273 0.029670513434612335
2.9039779559118237 0.028776807895594784
2.9109899799599197 0.02790801131097798
2.918002004008016 0.02706344465237275
2.925014028056112 0.026242444380872074
2.932026052104208 0.025444362228111802
2.9390380761523045 0.02466856499009509
2.9460501002004005 0.023914434333308286
2.953062124248497 0.02318136661253825
2.960074148296593 0.022468772699682057
2.9670861723446893 0.021776077822726825
2.9740981963927853 0.0211027214139673
2.9811102204408817 0.020448156966423506
2.9881222444889777 0.01981185189733023
2.995134268537074 0.019193287417480276
3.00214629258517 0.01859195840513496
3.0091583166332665 0.01800737328315107
3.0161703406813625 0.017439053897931784
3.023182364729459 0.016886535398774105
3.030194388777555 0.016349366116175962
3.0372064128256513 0.015827107437664557
3.0442184368737473 0.01531933367973066
3.0512304609218437 0.014825631954488994
3.0582424849699397 0.014345602029740872
3.065254509018036 0.013878856181185282
3.072266533066132 0.013425019035614178
3.0792785571142285 0.012983727404028807
3.0862905811623245 0.012554630103732874
3.093302605210421 0.012137387768586763
3.100314629258517 0.011731672646749404
3.1073266533066133 0.011337168385384292
3.1143386773547093 0.010953569801964195
3.1213507014028057 0.010580582641973915
3.1283627254509017 0.010217923322976353
3.135374749498998 0.009865318665176483
3.142386773547094 0.009522505608785913
3.14939879759519 0.009189230918654605
3.1564108216432865 0.008865250876797114
3.1634228456913824 0.00855033096359336
3.170434869739479 0.008244245528587251
3.177446893787575 0.007946777451941188
3.1844589178356713 0.0076577177977242014
3.1914709418837672 0.007376865460320511
3.1984829659318637 0.007104026805336935
3.2054949899799596 0.006839015306466122
3.212507014028056 0.006581651179821938
3.219519038076152 0.006331761017308748
3.2265310621242485 0.006089177420611528
3.2335430861723444 0.005853738637404659
3.240555110220441 0.005625288201368515
3.247567134268537 0.005403674577579925
3.2545791583166332 0.005188750814801553
3.2615911823647292 0.004980374206141096
3.2686032064128256 0.00477840595948078
3.2756152304609216 0.0045827108789962935
3.282627254509018 0.004393157058989499
3.289639278557114 0.0042096155911550736
3.2966513026052104 0.004031960286287934
3.3036633266533064 0.003860067411317775
3.310675350701403 0.003693815442429959
3.317687374749499 0.0035330848349022542
3.3246993987975952 0.0033777578101525786
3.331711422845691 0.003227718160359479
3.3387234468937876 0.0030828510708822403
3.3457354709418836 0.002943042960576003
3.35274749498998 0.0028081813399678177
3.359759519038076 0.0026781546871355063
3.366771543086172 0.002552852341011796
3.3737835671342684 0.002432164411724215
3.3807955911823644 0.0023159817074763795
3.387807615230461 0.0022041956773793787
3.394819639278557 0.0020966983695550664
3.401831663326653 0.001993382403754022
3.408843687374749 0.0018941409576632574
3.4158557114228456 0.001798867766019676
3.4228677354709416 0.001707457131597549
3.429879759519038 0.0016198039470995981
3.436891783567134 0.001535803726953434
3.4439038076152304 0.001455352647996303
3.4509158316633264 0.0013783475980223582
3.457927855711423 0.0013046862311663395
3.464939879759519 0.0012342670291062227
3.471951903807615 0.001166989367083757
3.478963927855711 0.0011027535837656644
3.4859759519038076 0.0010414610539986834
3.4929879759519036 0.0009830142635483823
3.5 0.0009273168849533134
