0.001 1.034444143269486e-76
0.008012024048096193 7.461785054875087e-73
0.015024048096192386 2.578097733966442e-70
0.022036072144288578 4.786193840865352e-68
0.02904809619238477 6.329417689041271e-66
0.03606012024048096 6.5720109542901e-64
0.043072144288577155 5.614248111403074e-62
0.05008416833667335 4.0537874976364075e-60
0.05709619238476954 2.517977521849477e-58
0.06410821643286574 1.3624258109710133e-56
0.07112024048096192 6.4832437004690714e-55
0.07813226452905811 2.734085186762094e-53
0.08514428857715431 1.0283412049464697e-51
0.09215631262525051 3.4684893176292774e-50
0.0991683366733467 1.0541563431335808e-48
0.10618036072144288 2.899312313978917e-47
0.11319238476953908 7.244385378963599e-46
0.12020440881763528 1.6503533341990368e-44
0.12721643286573148 3.4392110374849645e-43
0.13422845691382765 6.576403071226222e-42
0.14124048096192385 1.1572423433276661e-40
0.14825250501002005 1.8791144251800046e-39
0.15526452905811622 2.822919683819541e-38
0.16227655310621242 3.933028239547543e-37
0.16928857715430862 5.093951581797303e-36
0.17630060120240482 6.146833744431697e-35
0.18331262525050102 6.925392254245996e-34
0.1903246492985972 7.299983295346748e-33
0.1973366733466934 7.21333485566835e-32
0.20434869739478959 6.6943056858331935e-31
0.21136072144288576 5.845439857537955e-30
0.21837274549098196 4.810924016444038e-29
0.22538476953907816 3.73825609152886e-28
0.23239679358717436 2.7468957876581176e-27
0.23940881763527055 1.9117291421432873e-26
0.24642084168336673 1.262049686486629e-25
0.25343286573146295 7.914526096045488e-25
0.2604448897795591 4.721531152206772e-24
0.2674569138276553 2.683125900677259e-23
0.2744689378757515 1.4543563585604643e-22
0.2814809619238477 7.528786528828192e-22
0.2884929859719439 3.726820809586133e-21
0.2955050100200401 1.766157449956631e-20
0.3025170340681363 8.022309051344549e-20
0.30952905811623244 3.496507512178229e-19
0.31654108216432864 1.4638806350410124e-18
0.32355310621242483 5.89344959381841e-18
0.33056513026052103 2.2838569500328154e-17
0.33757715430861723 8.527721422025921e-17
0.34458917835671343 3.070990081589809e-16
0.35160120240480963 1.0676017607626556e-15
0.35861322645290583 3.586062480486111e-15
0.36562525050100203 1.1648899338241289e-14
0.3726372745490982 3.6625208341122636e-14
0.3796492985971944 1.1154818721321618e-13
0.3866613226452906 3.2936759443531976e-13
0.39367334669338677 9.435696411448892e-13
0.40068537074148297 2.6246476193428043e-12
0.40769739478957917 7.094012612956307e-12
0.41470941883767537 1.864437491138772e-11
0.4217214428857715 4.768052067024819e-11
0.4287334669338677 1.1873136631932065e-10
0.4357454909819639 2.880760881100474e-10
0.4427575150300601 6.814662930772899e-10
0.4497695390781563 1.5727061390680088e-09
0.4567815631262525 3.5430732764329176e-09
0.4637935871743487 7.796475071732959e-09
0.4708056112224449 1.6766850534894218e-08
0.4778176352705411 3.526001972766772e-08
0.48482965931863725 7.254840921923481e-08
0.49184168336673345 1.4612272233161918e-07
0.49885370741482965 2.8825468111102706e-07
0.5058657314629259 5.572141848145081e-07
0.512877755511022 1.0560097783785344e-06
0.5198897795591182 1.963003368413754e-06
0.5269018036072144 3.5808286682581e-06
0.5339138276553106 6.412869017822782e-06
0.5409258517034068 1.1280270076422293e-05
0.547937875751503 1.9497192327410745e-05
0.5549498997995992 3.3127798413415104e-05
0.5619619238476954 5.5355263855592846e-05
0.5689739478957916 9.100068207691989e-05
0.5759859719438878 0.0001472376840811064
0.582997995991984 0.00023455623830402118
0.5900100200400802 0.0003680354908778733
0.5970220440881764 0.0005689894326103589
0.6040340681362726 0.0008670491874837807
0.6110460921843688 0.0013027402168259148
0.6180581162324649 0.0019306001272368532
0.6250701402805611 0.002822861642905259
0.6320821643286573 0.0040736946391696695
0.6390941883767535 0.005803960557201819
0.6461062124248497 0.0081663825171508
0.6531182364729459 0.011350976555055304
0.6601302605210421 0.015590526319841352
0.6671422845691383 0.021165819131858457
0.6741543086172345 0.028410300407474175
0.6811663326653307 0.03771375174860583
0.6881783567134269 0.049524561510655776
0.6951903807615231 0.06435014130040217
0.7022024048096193 0.0827550528261226
0.7092144288577155 0.10535645075771297
0.7162264529058117 0.1328165208733451
0.7232384769539079 0.16583169864720435
0.7302505010020041 0.20511858893707685
0.7372625250501001 0.2513966673566567
0.7442745490981963 0.305368020653994
0.7512865731462925 0.3676945673363929
0.7582985971943887 0.4389733798326263
0.765310621242485 0.5197108939442907
0.7723226452905811 0.6102969286674518
0.7793346693386773 0.7109795391741397
0.7863466933867735 0.8218417792174382
0.7933587174348697 0.94278145042669
0.8003707414829659 1.0734948619471074
0.8073827655310621 1.2134655150916922
0.8143947895791583 1.361958467978992
0.8214068136272545 1.518020931608882
0.8284188376753507 1.680489411333795
0.8354308617234469 1.8480034482047145
0.842442885771543 2.019025746558878
0.8494549098196392 2.19186821132127
0.8564669338677354 2.3647231742967363
0.8634789579158316 2.5356988755252083
0.8704909819639278 2.702858093940305
0.877503006012024 2.8642586990174967
0.8845150300601202 3.0179948268666155
0.8915270541082164 3.1622373723125237
0.8985390781563126 3.295272531882363
0.9055511022044088 3.4155372274106606
0.912563126252505 3.5216503798491456
0.9195751503006012 3.6124391795109387
0.9265871743486974 3.686959702672203
0.9335991983967936 3.7445114446984737
0.9406112224448898 3.784645565996801
0.947623246492986 3.8071668688777867
0.9546352705410822 3.812129731534179
0.9616472945891783 3.7998284118409393
0.9686593186372745 3.7707822922387355
0.9756713426853707 3.7257167630891583
0.9826833667334669 3.665540532985454
0.9896953907815631 3.591320209807416
0.9967074148296593 3.5042530167589248
1.0037194388777555 3.405638495631183
1.0107314629258517 3.2968500087017354
1.0177434869739477 3.1793067855061126
1.0247555110220439 3.0544471762732743
1.03176753507014 2.9237036754261485
1.0387795591182363 2.788480171519096
1.0457915831663325 2.6501317693493074
1.0528036072144287 2.5099474203031304
1.0598156312625249 2.3691354922267602
1.066827655310621 2.228812313474198
1.0738396793587173 2.089993639751909
1.0808517034068135 1.9535889186525957
1.0878637274549097 1.8203981663241504
1.0948757515030059 1.6911112238638595
1.101887775551102 1.5663091274956316
1.1088997995991983 1.4464673056359725
1.1159118236472945 1.331960306469889
1.1229238476953907 1.2230677602648676
1.1299358717434869 1.119981289810871
1.136947895791583 1.0228120984763265
1.1439599198396793 0.9315989868101766
1.1509719438877755 0.8463165738642516
1.1579839679358717 0.7668835270443575
1.1649959919839679 0.6931706330632194
1.172008016032064 0.6250085713811041
1.1790200400801603 0.5621952794846663
1.1860320641282565 0.504502825762577
1.1930440881763527 0.45168373005815043
1.2000561122244489 0.4034766938506625
1.207068136272545 0.35961172122209706
1.2140801603206413 0.3198146282158656
1.2210921843687375 0.2838109519058493
1.2281042084168337 0.25132928156966516
1.2351162324649296 0.22210404296566988
1.2421282565130258 0.19587777306079585
1.249140280561122 0.17240292688715153
1.2561523046092182 0.15144326077561918
1.2631643286573144 0.13277483728420578
1.2701763527054106 0.11618669696114672
1.2771883767535068 0.10148124089821009
1.284200400801603 0.08847436606041059
1.2912124248496992 0.07699539282488321
1.2982244488977954 0.06688682120091856
1.3052364729458916 0.05800394898791641
1.3122484969939878 0.05021438178722956
1.319260521042084 0.04339746142378823
1.3262725450901802 0.03744363603911633
1.3332845691382764 0.03225379195480337
1.3402965931863726 0.027738564423570176
1.3473086172344688 0.02381764161785334
1.354320641282565 0.020419073674799247
1.3613326653306612 0.01747859633265809
1.3683446893787574 0.014938976659212195
1.3753567134268536 0.01274938658369013
1.3823687374749498 0.010864808390060583
1.389380761523046 0.009245474998313519
1.3963927855711422 0.007856346735357761
1.4034048096192384 0.006666625360905385
1.4104168336673346 0.005649305347785764
1.4174288577154308 0.004780761801996111
1.424440881763527 0.004040373927276318
1.4314529058116232 0.00341018257466654
1.4384649298597194 0.0028745801529654483
1.4454769539078156 0.002420030996067022
1.4524889779559118 0.0020348201739497384
1.459501002004008 0.0017088286831353483
1.466513026052104 0.0014333329486124124
1.4735250501002002 0.0012008266027638192
1.4805370741482964 0.0010048625692599665
1.4875490981963926 0.000839913563892743
1.4945611222444888 0.0007012492237506874
1.501573146292585 0.0005848281857987276
1.5085851703406812 0.0004872035515579698
1.5155971943887774 0.00040544029271419253
1.5226092184368736 0.0003370432703527325
1.5296212424849698 0.0002798946559663154
1.536633266533066 0.0002321996537764413
1.5436452905811622 0.0001924395300552448
1.5506573146292584 0.00015933105520956215
1.5576693386773546 0.00013179155787293532
1.5646813627254508 0.00010890887687256549
1.571693386773547 8.991557662234646e-05
1.5787054108216432 7.416686432001636e-05
1.5857174348697394 6.112171349392426e-05
1.5927294589178356 5.0326758237276194e-05
1.5997414829659318 4.1402576230338226e-05
1.606753507014028 3.4032026768854645e-05
1.6137655310621242 2.7950352897287288e-05
1.6207775551102204 2.293679480451316e-05
1.6277895791583166 1.8807495291468888e-05
1.6348016032064128 1.5409507768903788e-05
1.641813627254509 1.2615743276744739e-05
1.6488256513026052 1.0320715802043457e-05
1.6558376753507014 8.436965054327936e-06
1.6628496993987976 6.8920531548807344e-06
1.6698617234468938 5.6260467039758045e-06
1.67687374749499 4.589408675925391e-06
1.683885771543086 3.7412357995293276e-06
1.6908977955911821 3.0477867308863363e-06
1.6979098196392783 2.481254613580074e-06
1.7049218436873745 2.0187447238523607e-06
1.7119338677354707 1.6414239717342396e-06
1.718945891783567 1.3338142113822014e-06
1.7259579158316631 1.0832057267662915e-06
1.7329699398797593 8.791710091807002e-07
1.7399819639278555 7.131621241883343e-07
1.7469939879759517 5.781776589623226e-07
1.754006012024048 4.684875172607013e-07
1.7610180360721441 3.7940574971167985e-07
1.7680300601202403 3.0710322459241165e-07
1.7750420841683365 2.4845330441460537e-07
1.7820541082164327 2.0090483552568926e-07
1.789066132264529 1.6237771513489682e-07
1.7960781563126251 1.3117710135337257e-07
1.8030901803607213 1.059230014528686e-07
1.8101022044088175 8.549253241341257e-08
1.8171142284569137 6.89726136234352e-08
1.82412625250501 5.562123929835784e-08
1.8311382765531061 4.4835800468624784e-08
1.8381503006012023 3.612719395533401e-08
1.8451623246492985 2.9098677618109807e-08
1.8521743486973947 2.3428614911417937e-08
1.859186372745491 1.885640379296719e-08
1.8661983967935871 1.5171010632705984e-08
1.8732104208416833 1.2201633444744624e-08
1.8802224448897795 9.810104244691053e-09
1.8872344689378757 7.884710740540437e-09
1.894246492985972 6.335175495802801e-09
1.9012585170340681 5.0885783222212366e-09
1.9082705410821643 4.0860467640187735e-09
1.9152825651302603 3.280071618242568e-09
1.9222945891783565 2.6323307332947674e-09
1.9293066132264527 2.1119258641127117e-09
1.936318637274549 1.6939549843899408e-09
1.943330661322645 1.3583568630232657e-09
1.9503426853707413 1.0889764805459542e-09
1.9573547094188375 8.728094670826751e-10
1.9643667334669337 6.993915776991759e-10
1.97137875751503 5.603056057453378e-10
1.978390781563126 4.4878333428548107e-10
1.9854028056112223 3.593843569482244e-10
1.9924148296593185 2.8773704040956016e-10
1.9994268537074147 2.3032969697110515e-10
2.006438877755511 1.8434230657299086e-10
2.013450901803607 1.4751097060613422e-10
2.0204629258517035 1.1801877473348752e-10
2.0274749498997995 9.440794963150964e-11
2.0344869739478955 7.55092001687589e-11
2.041498997995992 6.038486828327045e-11
2.048511022044088 4.8283237913745214e-11
2.0555230460921843 3.8601810435449497e-11
2.0625350701402803 3.085779945112973e-11
2.0695470941883767 2.4664433425588805e-11
2.0765591182364727 1.9711928907109382e-11
2.083571142284569 1.5752218428774077e-11
2.090583166332665 1.2586695749088865e-11
2.0975951903807615 1.0056385077364207e-11
2.1046072144288575 8.034056980063221e-12
2.111619238476954 6.417907159136025e-12
2.11863126252505 5.126489584733334e-12
2.1256432865731463 4.0946560721415764e-12
2.1326553106212423 3.2703031608866667e-12
2.1396673346693387 2.611766380452079e-12
2.1466793587174346 2.0857335271311645e-12
2.153691382765531 1.6655739272343368e-12
2.160703406813627 1.330001030733578e-12
2.1677154308617235 1.062002039962085e-12
2.1747274549098194 8.479814147227778e-13
2.181739478957916 6.770756400192069e-13
2.188751503006012 5.406051044215965e-13
2.1957635270541083 4.3163572531868413e-13
2.2027755511022042 3.446284014410027e-13
2.2097875751503007 2.7515873801824944e-13
2.2167995991983966 2.1969298874890805e-13
2.223811623246493 1.7540896257839716e-13
2.230823647294589 1.400528896085152e-13
2.2378356713426855 1.1182503972018568e-13
2.2448476953907814 8.928832833495716e-14
2.2518597194388774 7.129529731467696e-14
2.258871743486974 5.692978238623875e-14
2.26588376753507 4.54603174632407e-14
2.2728957915831662 3.6302917531620154e-14
2.279907815631262 2.89913548017326e-14
2.2869198396793586 2.3153421190820237e-14
2.2939318637274546 1.8491972785143316e-14
2.300943887775551 1.4769793877625203e-14
2.307955911823647 1.1797511607627151e-14
2.3149679358717434 9.423946850588273e-15
2.3219799599198394 7.528410586640126e-15
2.328991983967936 6.014553737221417e-15
2.336004008016032 4.805457372989557e-15
2.3430160320641282 3.83971324559045e-15
2.350028056112224 3.068294964179963e-15
2.3570400801603206 2.4520603713532193e-15
2.3640521042084166 1.9597578084530762e-15
2.371064128256513 1.566434624897696e-15
2.378076152304609 1.2521667814143724e-15
2.3850881763527054 1.001044762867487e-15
2.3921002004008014 8.003640838280776e-16
2.399112224448898 6.399791032168685e-16
2.406124248496994 5.117871938261169e-16
2.41313627254509 4.0931696211998856e-16
2.420148296593186 3.27399521978332e-16
2.4271603206412826 2.619060633750526e-16
2.4341723446893786 2.0953833931129342e-16
2.441184368737475 1.6766139409092142e-16
2.448196392785571 1.3417001092063106e-16
2.4552084168336674 1.0738207677109232e-16
2.4622204408817634 8.59534352170596e-17
2.4692324649298594 6.880989364827797e-17
2.476244488977956 5.5092925741951e-17
2.4832565130260518 4.411630805775414e-17
2.490268537074148 3.533148669504973e-17
2.497280561122244 2.8299914583297017e-17
2.5042925851703406 2.267095486309721e-17
2.5113046092184366 1.816422907629185e-17
2.518316633266533 1.4555514979901417e-17
2.525328657314629 1.1665479271716e-17
2.5323406813627254 9.350674575587368e-18
2.5393527054108214 7.49634503278913e-18
2.546364729458918 6.0106766485336644e-18
2.5533767535070138 4.820201831703991e-18
2.56038877755511 3.866126077441857e-18
2.567400801603206 3.1013914584249366e-18
2.5744128256513026 2.4883288913246368e-18
2.5814248496993986 1.996780929495503e-18
2.588436873747495 1.6026006173636068e-18
2.595448897795591 1.2864509362522303e-18
2.6024609218436874 1.0328445412726358e-18
2.6094729458917834 8.293756053191365e-19
2.61648496993988 6.661052644909974e-19
2.6234969939879758 5.350698906476782e-19
2.630509018036072 4.298875934370079e-19
2.637521042084168 3.4544328909720697e-19
2.6445330661322646 2.7763661658141427e-19
2.6515450901803606 2.231801326703118e-19
2.658557114228457 1.7943773608734764e-19
2.665569138276553 1.4429528347511044e-19
2.6725811623246494 1.1605696906069443e-19
2.6795931863727454 9.33623261037108e-20
2.6866052104208418 7.511973661483157e-20
2.6936172344689377 6.045315814394785e-20
2.7006292585170337 4.865943403599322e-20
2.70764128256513 3.917407949224322e-20
2.714653306613226 3.154385646429387e-20
2.7216653306613225 2.5404786949849174e-20
2.7286773547094185 2.0464523518245565e-20
2.735689378757515 1.648821134763361e-20
2.742701402805611 1.3287148478511297e-20
2.7497134268537073 1.0709688991966117e-20
2.7567254509018033 8.633944290906934e-21
2.7637374749498997 6.961926103927186e-21
2.7707494989979957 5.614845646590183e-21
2.777761523046092 4.5293400845516634e-21
2.784773547094188 3.654442863092379e-21
2.7917855711422845 2.9491508509412847e-21
2.7987975951903805 2.3804703949447367e-21
2.805809619238477 1.9218477381593195e-21
2.812821643286573 1.5519079712703787e-21
2.8198336673346693 1.2534416893986229e-21
2.8268456913827653 1.0125905526101219e-21
2.8338577154308617 8.1819259058904575e-22
2.8408697394789577 6.612558238110973e-22
2.847881763527054 5.34534974598548e-22
2.85489378757515 4.321910155336642e-22
2.8619058116232465 3.495172932624259e-22
2.8689178356713425 2.827191677381525e-22
2.875929859719439 2.287366766717025e-22
2.882941883767535 1.8510179757628039e-22
2.8899539078156313 1.4982353566535848e-22
2.8969659318637273 1.212953954197657e-22
2.9039779559118237 9.82208613711111e-23
2.9109899799599197 7.955337126279933e-23
2.918002004008016 6.444795371492507e-23
2.925014028056112 5.2222256097503923e-23
2.932026052104208 4.232513319063962e-23
2.9390380761523045 3.431132479020267e-23
2.9460501002004005 2.7821037883774054e-23
2.953062124248497 2.2563480163776727e-23
2.960074148296593 1.8303577532385047e-23
2.9670861723446893 1.4851257773586138e-23
2.9740981963927853 1.2052802858699537e-23
2.9811102204408817 9.783869144824942e-24
2.9881222444889777 7.943852625782157e-24
2.995134268537074 6.451339101611635e-24
3.00214629258517 5.240429618578565e-24
3.0091583166332665 4.2577721861888505e-24
3.0161703406813625 3.460163521773664e-24
3.023182364729459 2.8126109510020202e-24
3.030194388777555 2.286765846122622e-24
3.0372064128256513 1.859657111630653e-24
3.0442184368737473 1.512667032933988e-24
3.0512304609218437 1.230702933947922e-24
3.0582424849699397 1.0015270646616475e-24
3.065254509018036 8.152143783581497e-25
3.072266533066132 6.637136974648734e-25
3.0792785571142285 5.404924784196312e-25
3.0862905811623245 4.4024918807966665e-25
3.093302605210421 3.586803731770448e-25
3.100314629258517 2.9229198201280743e-25
3.1073266533066133 2.3824649831045144e-25
3.1143386773547093 1.9423906306335832e-25
3.1213507014028057 1.5839706559166955e-25
3.1283627254509017 1.2919873976459766e-25
3.135374749498998 1.0540715374395047e-25
3.142386773547094 8.601667062387854e-26
3.14939879759519 7.02095144107955e-26
3.1564108216432865 5.732052626961215e-26
3.1634228456913824 4.680856032730251e-26
3.170434869739479 3.8233263097140155e-26
3.177446893787575 3.123621910874737e-26
3.1844589178356713 2.5525638375103533e-26
3.1914709418837672 2.0863917601289993e-26
3.1984829659318637 1.7057533572221456e-26
3.2054949899799596 1.3948829630031345e-26
3.212507014028056 1.1409339158302649e-26
3.219519038076152 9.33435724253029e-27
3.2265310621242485 7.638526175788526e-27
3.2335430861723444 6.2522446532459706e-27
3.240555110220441 5.118746312643645e-27
3.247567134268537 4.1917223189801254e-27
3.2545791583166332 3.433386246130185e-27
3.2615911823647292 2.812898616697524e-27
3.2686032064128256 2.305083966562791e-27
3.2756152304609216 1.8893858845986117e-27
3.282627254509018 1.5490156934341738e-27
3.289639278557114 1.2702587315972787e-27
3.2966513026052104 1.041908933536467e-27
3.3036633266533064 8.548078758797149e-28
3.310675350701403 7.014689040874658e-28
3.317687374749499 5.757705666029553e-28
3.3246993987975952 4.72706520355011e-28
3.331711422845691 3.881814591094912e-28
3.3387234468937876 3.1884455779302096e-28
3.3457354709418836 2.619535051911481e-28
3.35274749498998 2.152634822560871e-28
3.359759519038076 1.7693648877646238e-28
3.366771543086172 1.454672721245538e-28
3.3737835671342684 1.1962280456342549e-28
3.3807955911823644 9.839281969998224e-29
3.387807615230461 8.094937810826087e-29
3.394819639278557 6.661380642311098e-29
3.401831663326653 5.482965917103832e-29
3.408843687374749 4.5140601152742227e-29
3.4158557114228456 3.717231080290178e-29
3.4228677354709416 3.0617670154144794e-29
3.429879759519038 2.5224641760830065e-29
3.436891783567134 2.07863428397775e-29
3.4439038076152304 1.7132916554367173e-29
3.4509158316633264 1.412487354643249e-29
3.457927855711423 1.164763655332588e-29
3.464939879759519 9.607069716638139e-30
3.471951903807615 7.925814015500751e-30
3.478963927855711 6.540282788308947e-30
3.4859759519038076 5.3981978843728555e-30
3.4929879759519036 4.456568705770781e-30
3.5 3.680034151789387e-30
