0.001 1.490128502796347e-60
0.008012024048096193 4.751145621611515e-57
0.015024048096192386 7.395054909651957e-55
0.022036072144288578 6.299827010974786e-53
0.02904809619238477 3.892055697516562e-51
0.03606012024048096 1.9210995939270232e-49
0.043072144288577155 7.934604129938535e-48
0.05008416833667335 2.8158932609973507e-46
0.05709619238476954 8.735120097757136e-45
0.06410821643286574 2.3973947438868304e-43
0.07112024048096192 5.874766046817928e-42
0.07813226452905811 1.2946846557781555e-40
0.08514428857715431 2.5813768183994608e-39
0.09215631262525051 4.680123033344073e-38
0.0991683366733467 7.750019581558268e-37
0.10618036072144288 1.1767783639900855e-35
0.11319238476953908 1.644266432424185e-34
0.12020440881763528 2.120999547552793e-33
0.12721643286573148 2.5333499151985675e-32
0.13422845691382765 2.8095674349941145e-31
0.14124048096192385 2.9006721451753294e-30
0.14825250501002005 2.794668628258274e-29
0.15526452905811622 2.5184468331804624e-28
0.16227655310621242 2.1274127659247134e-27
0.16928857715430862 1.6880520342840352e-26
0.17630060120240482 1.260639651643082e-25
0.18331262525050102 8.877369347635477e-25
0.1903246492985972 5.905372437340564e-24
0.1973366733466934 3.717308079703707e-23
0.20434869739478959 2.2179213003399877e-22
0.21136072144288576 1.256289183728329e-21
0.21837274549098196 6.765844265277919e-21
0.22538476953907816 3.4696146055078465e-20
0.23239679358717436 1.6966090335917585e-19
0.23940881763527055 7.921652983929802e-19
0.24642084168336673 3.536344099643294e-18
0.25343286573146295 1.5112944698653273e-17
0.2604448897795591 6.190586428981119e-17
0.2674569138276553 2.4334185568080726e-16
0.2744689378757515 9.189696579603272e-16
0.2814809619238477 3.337839542828313e-15
0.2884929859719439 1.1672787441878895e-14
0.2955050100200401 3.934399460854111e-14
0.3025170340681363 1.2794185239266184e-13
0.30952905811623244 4.017898123115417e-13
0.31654108216432864 1.2196800302099768e-12
0.32355310621242483 3.5821977153826858e-12
0.33056513026052103 1.0188109902601684e-11
0.33757715430861723 2.8083434479057432e-11
0.34458917835671343 7.50896732449649e-11
0.35160120240480963 1.9490979867482971e-10
0.35861322645290583 4.915302638093268e-10
0.36562525050100203 1.2052014424365103e-09
0.3726372745490982 2.8752911667656514e-09
0.3796492985971944 6.679247728888174e-09
0.3866613226452906 1.5118147474896874e-08
0.39367334669338677 3.3364762868909146e-08
0.40068537074148297 7.184238633211184e-08
0.40769739478957917 1.510266054253414e-07
0.41470941883767537 3.101524226789018e-07
0.4217214428857715 6.225975469829528e-07
0.4287334669338677 1.2223748522230451e-06
0.4357454909819639 2.3486237445569767e-06
0.4427575150300601 4.418501699455169e-06
0.4497695390781563 8.143724986993833e-06
0.4567815631262525 1.4712459796988885e-05
0.4637935871743487 2.6066522157302928e-05
0.4708056112224449 4.531396477565887e-05
0.4778176352705411 7.732893220730132e-05
0.48482965931863725 0.00012960363300134307
0.49184168336673345 0.00021343044827842612
0.49885370741482965 0.0003455040923706209
0.5058657314629259 0.0005500423375977245
0.512877755511022 0.0008615265838048679
0.5198897795591182 0.0013281576018547912
0.5269018036072144 0.0020161041004886633
0.5339138276553106 0.0030145895884832095
0.5409258517034068 0.004441814241899574
0.547937875751503 0.006451642226449867
0.5549498997995992 0.009240901909078727
0.5619619238476954 0.013057049413300872
0.5689739478957916 0.01820584010814085
0.5759859719438878 0.025058545237471665
0.582997995991984 0.03405815136868725
0.5900100200400802 0.04572389946172096
0.5970220440881764 0.060653469477052496
0.6040340681362726 0.07952210635757212
0.6110460921843688 0.10307802297872519
0.6180581162324649 0.1321335113429158
0.6250701402805611 0.16755134695530982
0.6320821643286573 0.2102262802338097
0.6390941883767535 0.2610616651176692
0.6461062124248497 0.3209415658929927
0.6531182364729459 0.3906989914512677
0.6601302605210421 0.4710812113291994
0.6671422845691383 0.5627133878464502
0.6741543086172345 0.6660619914560847
0.6811663326653307 0.781399632002905
0.6881783567134269 0.9087730206327642
0.6951903807615231 1.0479757645362824
0.7022024048096193 1.1985275848001449
0.7092144288577155 1.3596613385388137
0.7162264529058117 1.530318929250424
0.7232384769539079 1.709156819370023
0.7302505010020041 1.8945614369037262
0.7372625250501001 2.084674318172573
0.7442745490981963 2.277426377381164
0.7512865731462925 2.4705802673131774
0.7582985971943887 2.661779418501359
0.765310621242485 2.848602037813102
0.7723226452905811 3.0286181278094557
0.7793346693386773 3.1994474659947443
0.7863466933867735 3.3588164624620136
0.7933587174348697 3.504611893499814
0.8003707414829659 3.6349296796937884
0.8073827655310621 3.7481171271738503
0.8143947895791583 3.842807363278424
0.8214068136272545 3.9179450537929146
0.8284188376753507 3.9728028676130993
0.8354308617234469 4.006988535855791
0.842442885771543 4.020442717111294
0.8494549098196392 4.0134282121071925
0.8564669338677354 3.9865113560898355
0.8634789579158316 3.940536645942689
0.8704909819639278 3.8765958255327853
0.877503006012024 3.795992754907411
0.8845150300601202 3.700205428183289
0.8915270541082164 3.5908464857688305
0.8985390781563126 3.4696234958820784
0.9055511022044088 3.3383001668961696
0.912563126252505 3.198659505665117
0.9195751503006012 3.0524697678698227
0.9265871743486974 2.9014538646002492
0.9335991983967936 2.747262704177326
0.9406112224448898 2.5914527678483936
0.947623246492986 2.4354680493292293
0.9546352705410822 2.280626336563214
0.9616472945891783 2.1281096833128434
0.9686593186372745 1.9789588105692015
0.9756713426853707 1.8340710941556548
0.9826833667334669 1.69420173500288
0.9896953907815631 1.5599676710847363
0.9967074148296593 1.431853772869839
1.0037194388777555 1.3102208647741975
1.0107314629258517 1.1953151305939194
1.0177434869739477 1.0872784882297741
1.0247555110220439 0.9861595552036129
1.03176753507014 0.8919248686960972
1.0387795591182363 0.8044700695563647
1.0457915831663325 0.723630806726671
1.0528036072144287 0.6491931649305939
1.0598156312625249 0.5809034628075551
1.066827655310621 0.51847730981731
1.0738396793587173 0.4616078474016028
1.0808517034068135 0.40997313259424073
1.0878637274549097 0.36324265029309577
1.0948757515030059 0.32108296374050554
1.101887775551102 0.2831625315647942
1.1088997995991983 0.24915573430515048
1.1159118236472945 0.21874616405357636
1.1229238476953907 0.19162923813466973
1.1299358717434869 0.16751420206648132
1.136947895791583 0.14612558886664562
1.1439599198396793 0.12720420153567638
1.1509719438877755 0.11050768368401985
1.1579839679358717 0.095810740154524
1.1649959919839679 0.08290506546842023
1.172008016032064 0.0715990332869663
1.1790200400801603 0.06171719508388489
1.1860320641282565 0.05309963107370165
1.1930440881763527 0.045601191305625406
1.2000561122244489 0.03909065984257372
1.207068136272545 0.03344987019853328
1.2140801603206413 0.028572795774548354
1.2210921843687375 0.024364634960094927
1.2281042084168337 0.02074090687827922
1.2351162324649296 0.017626570459877575
1.2421282565130258 0.014955176629588734
1.249140280561122 0.012668060865125008
1.2561523046092182 0.010713581225869039
1.2631643286573144 0.009046405117791641
1.2701763527054106 0.007626846537044492
1.2771883767535068 0.006420254286400751
1.284200400801603 0.005396450656370257
1.2912124248496992 0.004529219276718665
1.2982244488977954 0.003795840245806498
1.3052364729458916 0.003176670207845738
1.3122484969939878 0.0026547647470589303
1.319260521042084 0.0022155402802259932
1.3262725450901802 0.0018464725349048056
1.3332845691382764 0.0015368286816861915
1.3402965931863726 0.0012774302293894087
1.3473086172344688 0.0010604438784366265
1.354320641282565 0.0008791976480586103
1.3613326653306612 0.0007280197375936226
1.3683446893787574 0.0006020977427120364
1.3753567134268536 0.000497356017170139
1.3823687374749498 0.0004103491442118215
1.389380761523046 0.0003381696546773941
1.3963927855711422 0.0002783682979074758
1.4034048096192384 0.00022888533414539336
1.4104168336673346 0.00018799147154628746
1.4174288577154308 0.00015423721588170953
1.424440881763527 0.00012640953584958952
1.4314529058116232 0.00010349487121055217
1.4384649298597194 8.464762472589481e-05
1.4454769539078156 6.91633822578181e-05
1.4524889779559118 5.645619877188454e-05
1.459501002004008 4.603937184466507e-05
1.466513026052104 3.750919920114918e-05
1.4735250501002002 3.053128341430201e-05
1.4805370741482964 2.482900584671369e-05
1.4875490981963926 2.0173843860387564e-05
1.4945611222444888 1.6377250913458914e-05
1.501573146292585 1.3283859027542126e-05
1.5085851703406812 1.0765797841025505e-05
1.5155971943887774 8.717954619829405e-06
1.5226092184368736 7.054025695668563e-06
1.5296212424849698 5.703232318724507e-06
1.536633266533066 4.607593280817424e-06
1.5436452905811622 3.7196632794089857e-06
1.5506573146292584 3.0006602051143777e-06
1.5576693386773546 2.418916661292965e-06
1.5646813627254508 1.9486013439996655e-06
1.571693386773547 1.5686646718708553e-06
1.5787054108216432 1.2619704763623457e-06
1.5857174348697394 1.014581834076738e-06
1.5927294589178356 8.151744112494108e-07
1.5997414829659318 6.545551405095715e-07
1.606753507014028 5.252677870647476e-07
1.6137655310621242 4.212700935459065e-07
1.6207775551102204 3.3766981282539325e-07
1.6277895791583166 2.705091258402605e-07
1.6348016032064128 2.1658876490102063e-07
1.641813627254509 1.73324680162395e-07
1.6488256513026052 1.3863134719355466e-07
1.6558376753507014 1.1082685871677723e-07
1.6628496993987976 8.85558089385142e-08
1.6698617234468938 7.072669430002772e-08
1.67687374749499 5.646114502937721e-08
1.683885771543086 4.505278866544788e-08
1.6908977955911821 3.593394741685551e-08
1.6979098196392783 2.8648700591574227e-08
1.7049218436873745 2.283111372223176e-08
1.7119338677354707 1.818765769412179e-08
1.718945891783567 1.4483022704561997e-08
1.7259579158316631 1.1528680338099182e-08
1.7329699398797593 9.173668311926014e-09
1.7399819639278555 7.297171394362002e-09
1.7469939879759517 5.802552644770218e-09
1.754006012024048 4.6125547800805644e-09
1.7610180360721441 3.6654448705676875e-09
1.7680300601202403 2.9119189501931062e-09
1.7750420841683365 2.31261833783472e-09
1.7820541082164327 1.8361380166334792e-09
1.789066132264529 1.4574305474324235e-09
1.7960781563126251 1.1565277114548573e-09
1.8030901803607213 9.175172141877933e-10
1.8101022044088175 7.277240118925074e-10
1.8171142284569137 5.770556943795246e-10
1.82412625250501 4.574793205173783e-10
1.8311382765531061 3.626035205937778e-10
1.8381503006012023 2.8734484797219807e-10
1.8451623246492985 2.2766152157884997e-10
1.8521743486973947 1.8034104525780485e-10
1.859186372745491 1.4283087759201078e-10
1.8661983967935871 1.1310348396517602e-10
1.8732104208416833 8.95488345571439e-11
1.8802224448897795 7.088880091654098e-11
1.8872344689378757 5.610901695835185e-11
1.894246492985972 4.44046618924973e-11
1.9012585170340681 3.5137336372772285e-11
1.9082705410821643 2.7800774221099527e-11
1.9152825651302603 2.1993588712652636e-11
1.9222945891783565 1.7397617338458674e-11
1.9293066132264527 1.3760720456785237e-11
1.936318637274549 1.0883121963496959e-11
1.943330661322645 8.60656581530651e-12
1.9503426853707413 6.805710356711063e-12
1.9573547094188375 5.381300485074948e-12
1.9643667334669337 4.2547517869152496e-12
1.97137875751503 3.363855731744682e-12
1.978390781563126 2.659374688461962e-12
1.9854028056112223 2.102343027090185e-12
1.9924148296593185 1.6619283572728194e-12
1.9994268537074147 1.3137370078480755e-12
2.006438877755511 1.0384717440317478e-12
2.013450901803607 8.20868706585121e-13
2.0204629258517035 6.488556425158474e-13
2.0274749498997995 5.128854776457121e-13
2.0344869739478955 4.0540879368919197e-13
2.041498997995992 3.204563226733547e-13
2.048511022044088 2.533085626092883e-13
2.0555230460921843 2.002343709493496e-13
2.0625350701402803 1.5828416154883748e-13
2.0695470941883767 1.251263193395299e-13
2.0765591182364727 9.891781584574212e-14
2.083571142284569 7.820188604281846e-14
2.090583166332665 6.182711454279656e-14
2.0975951903807615 4.888345741278766e-14
2.1046072144288575 3.865165915860611e-14
2.111619238476954 3.056326337756267e-14
2.11863126252505 2.4169000628987022e-14
2.1256432865731463 1.911380017134125e-14
2.1326553106212423 1.5117038728410115e-14
2.1396673346693387 1.1956929473542797e-14
2.1466793587174346 9.45818388875347e-15
2.153691382765531 7.482260684463369e-15
2.160703406813627 5.91965955230409e-15
2.1677154308617235 4.683831084421004e-15
2.1747274549098194 3.706363996682572e-15
2.181739478957916 2.9331818025984847e-15
2.188751503006012 2.3215372275327996e-15
2.1957635270541083 1.837637037439175e-15
2.2027755511022042 1.454765042502477e-15
2.2097875751503007 1.1517987696536675e-15
2.2167995991983966 9.120372182342197e-16
2.223811623246493 7.222744375827161e-16
2.230823647294589 5.720673568183471e-16
2.2378356713426855 4.531571169328419e-16
2.2448476953907814 3.590117054308843e-16
2.2518597194388774 2.8446445006585083e-16
2.258871743486974 2.2542826689900332e-16
2.26588376753507 1.7866977632073227e-16
2.2728957915831662 1.4163073383805829e-16
2.279907815631262 1.1228685609762042e-16
2.2869198396793586 8.903620356665113e-17
2.2939318637274546 7.061092553338666e-17
2.300943887775551 5.60074722718834e-17
2.307955911823647 4.443140577017506e-17
2.3149679358717434 3.525375156991039e-17
2.3219799599198394 2.797647522441496e-17
2.328991983967936 2.2205173373078982e-17
2.336004008016032 1.7627469677038548e-17
2.3430160320641282 1.3995922162625875e-17
2.350028056112224 1.1114498492291241e-17
2.3570400801603206 8.827873246160198e-18
2.3640521042084166 7.01295744775981e-18
2.371064128256513 5.572193992792704e-18
2.378076152304609 4.4282502045898974e-18
2.3850881763527054 3.51981586756566e-18
2.3921002004008014 2.798276065989669e-18
2.399112224448898 2.2250763657008217e-18
2.406124248496994 1.7696359966391867e-18
2.41313627254509 1.4076948385515135e-18
2.420148296593186 1.1200038517767907e-18
2.4271603206412826 8.912874500832317e-19
2.4341723446893786 7.094212267173696e-19
2.441184368737475 5.64780242985362e-19
2.448196392785571 4.497224228158694e-19
2.4552084168336674 3.5817898224718274e-19
2.4622204408817634 2.8532966709261316e-19
2.4692324649298594 2.273451973002706e-19
2.476244488977956 1.811829774455284e-19
2.4832565130260518 1.4442503078420408e-19
2.490268537074148 1.15149408630897e-19
2.497280561122244 9.182814348225952e-20
2.5042925851703406 7.324625291971968e-20
2.5113046092184366 5.843744072175254e-20
2.518316633266533 4.663304414991615e-20
2.525328657314629 3.7221491385143904e-20
2.5323406813627254 2.9716099623411794e-20
2.5393527054108214 2.3729493291646822e-20
2.546364729458918 1.8953277671370528e-20
2.5533767535070138 1.5141885278484272e-20
2.56038877755511 1.2099735969223234e-20
2.567400801603206 9.671029060239815e-21
2.5744128256513026 7.731626375027408e-21
2.5814248496993986 6.182596670785023e-21
2.588436873747495 4.945080388273421e-21
2.595448897795591 3.956203878608731e-21
2.6024609218436874 3.1658279797007746e-21
2.6094729458917834 2.5339600402377145e-21
2.61648496993988 2.0286935976760636e-21
2.6234969939879758 1.6245677928258176e-21
2.630509018036072 1.3012607411385834e-21
2.637521042084168 1.0425486642332774e-21
2.6445330661322646 8.354765539202463e-22
2.6515450901803606 6.696972401450076e-22
2.658557114228457 5.369445549882986e-22
2.665569138276553 4.306132961718704e-22
2.6725811623246494 3.454242676465139e-22
2.6795931863727454 2.7715710722762044e-22
2.6866052104208418 2.2243713643356707e-22
2.6936172344689377 1.7856527190270157e-22
2.7006292585170337 1.43382268905954e-22
2.70764128256513 1.1516034300371668e-22
2.714653306613226 9.251662913769456e-23
2.7216653306613225 7.43440625518606e-23
2.7286773547094185 5.975616183094052e-23
2.735689378757515 4.804290787112535e-23
2.742701402805611 3.8635480996456353e-23
2.7497134268537073 3.1078071317720457e-23
2.7567254509018033 2.500533835065079e-23
2.7637374749498997 2.0124383601572307e-23
2.7707494989979957 1.620032919786096e-23
2.777761523046092 1.3044778550017106e-23
2.784773547094188 1.0506580923882115e-23
2.7917855711422845 8.464438192409711e-24
2.7987975951903805 6.820984912087866e-24
2.805809619238477 5.498046996693047e-24
2.812821643286573 4.4328434381390365e-24
2.8198336673346693 3.574942776491669e-24
2.8268456913827653 2.8838237601330814e-24
2.8338577154308617 2.3269197846433455e-24
2.8408697394789577 1.878050787673667e-24
2.847881763527054 1.5161655289217781e-24
2.85489378757515 1.224332574000335e-24
2.8619058116232465 9.889306061017e-25
2.8689178356713425 7.989985304090951e-25
2.875929859719439 6.457137084078839e-25
2.882941883767535 5.219729579644477e-25
2.8899539078156313 4.220559959351027e-25
2.8969659318637273 3.4135503526332944e-25
2.9039779559118237 2.761574794168917e-25
2.9109899799599197 2.234712445294517e-25
2.918002004008016 1.8088431234834995e-25
2.925014028056112 1.464517778565074e-25
2.932026052104208 1.1860498642762513e-25
2.9390380761523045 9.607842232679135e-26
2.9460501002004005 7.785086586512964e-26
2.953062124248497 6.309802262941487e-26
2.960074148296593 5.11543786043979e-26
2.9670861723446893 4.148247663788771e-26
2.9740981963927853 3.3648164144879775e-26
2.9811102204408817 2.730064648777348e-26
2.9881222444889777 2.215640894745378e-26
2.995134268537074 1.7986253705130583e-26
3.00214629258517 1.4604845675531705e-26
3.0091583166332665 1.1862279492670879e-26
3.0161703406813625 9.637275162359676e-27
3.023182364729459 7.831686441864291e-27
3.030194388777555 6.366067561409783e-27
3.0372064128256513 5.17609341295024e-27
3.0442184368737473 4.209668165015542e-27
3.0512304609218437 3.424589317901692e-27
3.0582424849699397 2.786660016109542e-27
3.065254509018036 2.2681632095749053e-27
3.072266533066132 1.84662798579533e-27
3.0792785571142285 1.5038318720131616e-27
3.0862905811623245 1.2249937655636958e-27
3.093302605210421 9.981209021074508e-28
3.100314629258517 8.134803264644728e-28
3.1073266533066133 6.631710194770717e-28
3.1143386773547093 5.4077742249354205e-28
3.1213507014028057 4.4108880252478055e-28
3.1283627254509017 3.598718879907896e-28
3.135374749498998 2.936866158049611e-28
3.142386773547094 2.3973677692203585e-28
3.14939879759519 1.9574891927100115e-28
3.1564108216432865 1.5987413661644712e-28
3.1634228456913824 1.3060839768945391e-28
3.170434869739479 1.067278989363412e-28
3.177446893787575 8.723659437165293e-29
3.1844589178356713 7.132359787213707e-29
3.1914709418837672 5.832859148079288e-29
3.1984829659318637 4.771372780803509e-29
3.2054949899799596 3.904080148525228e-29
3.212507014028056 3.195269681177089e-29
3.219519038076152 2.615830671070336e-29
3.2265310621242485 2.1420270329081795e-29
3.2335430861723444 1.7544999915141234e-29
3.240555110220441 1.4374567501198835e-29
3.247567134268537 1.178010287650663e-29
3.2545791583166332 9.656419958082116e-30
3.2615911823647292 7.917641876192078e-30
3.2686032064128256 6.493638244433717e-30
3.2756152304609216 5.3271230914028746e-30
3.282627254509018 4.3712903367183826e-30
3.289639278557114 3.5878867493265576e-30
3.2966513026052104 2.9456410431317156e-30
3.3036633266533064 2.418982964184603e-30
3.310675350701403 1.986998569221316e-30
3.317687374749499 1.632577925599427e-30
3.3246993987975952 1.3417196138897911e-30
3.331711422845691 1.102963040249235e-30
3.3387234468937876 9.069249530186013e-31
3.3457354709418836 7.459209393893557e-31
3.35274749498998 6.136562421821339e-31
3.359759519038076 5.04973136939483e-31
3.366771543086172 4.156444699603967e-31
3.3737835671342684 3.4220487953182785e-31
3.3807955911823644 2.818127874060988e-31
3.387807615230461 2.3213752211669208e-31
3.394819639278557 1.9126697411855736e-31
3.401831663326653 1.5763202894891127e-31
3.408843687374749 1.2994471437469188e-31
3.4158557114228456 1.0714755988460862e-31
3.4228677354709416 8.837212553624858e-32
3.429879759519038 7.290503131111241e-32
3.436891783567134 6.016012341132452e-32
3.4439038076152304 4.965566308769239e-32
3.4509158316633264 4.099562698913165e-32
3.457927855711423 3.385437411249284e-32
3.464939879759519 2.796407008794932e-32
3.471951903807615 2.3104370362147586e-32
3.478963927855711 1.9093954406588803e-32
3.4859759519038076 1.5783577104870306e-32
3.4929879759519036 1.305036399505662e-32
3.5 1.0793126538121355e-32
