0.001 1.692617209040542e-46
0.008012024048096193 2.5515216284230597e-43
0.015024048096192386 1.9109917918886792e-41
0.022036072144288578 7.968785368996673e-40
0.02904809619238477 2.4502192953989126e-38
0.03606012024048096 6.117143988885559e-37
0.043072144288577155 1.298102119605332e-35
0.05008416833667335 2.403281384631872e-34
0.05709619238476954 3.947271640542237e-33
0.06410821643286574 5.819200998696212e-32
0.07112024048096192 7.76771387191167e-31
0.07813226452905811 9.452825673266066e-30
0.08514428857715431 1.0546268868423989e-28
0.09215631262525051 1.0838102696117614e-27
0.0991683366733467 1.0301377100096247e-26
0.10618036072144288 9.088364289392608e-26
0.11319238476953908 7.466598491038772e-25
0.12020440881763528 5.728952845947992e-24
0.12721643286573148 4.1162938530013785e-23
0.13422845691382765 2.7764626133079726e-22
0.14124048096192385 1.762110593899457e-21
0.14825250501002005 1.0545525213826886e-20
0.15526452905811622 5.963199678825652e-20
0.16227655310621242 3.1922729790110494e-19
0.16928857715430862 1.62076510430575e-18
0.17630060120240482 7.817900930699325e-18
0.18331262525050102 3.588602571975856e-17
0.1903246492985972 1.5700312423806961e-16
0.1973366733466934 6.556796778067528e-16
0.20434869739478959 2.617585293299595e-15
0.21136072144288576 1.0003114448558219e-14
0.21837274549098196 3.6641279015279105e-14
0.22538476953907816 1.2881320241812382e-13
0.23239679358717436 4.3514790260630396e-13
0.23940881763527055 1.4142064982787081e-12
0.24642084168336673 4.426721408231844e-12
0.25343286573146295 1.3360458423617054e-11
0.2604448897795591 3.8921538482340075e-11
0.2674569138276553 1.0955492308713723e-10
0.2744689378757515 2.982467738852286e-10
0.2814809619238477 7.860241439508284e-10
0.2884929859719439 2.0073028505259834e-09
0.2955050100200401 4.971578693322746e-09
0.3025170340681363 1.195240070648456e-08
0.30952905811623244 2.791633624556524e-08
0.31654108216432864 6.339510529827669e-08
0.32355310621242483 1.4008371977747641e-07
0.33056513026052103 3.0142849450430437e-07
0.33757715430861723 6.320706272966976e-07
0.34458917835671343 1.2925335906893423e-06
0.35160120240480963 2.5793716805944105e-06
0.35861322645290583 5.026594391373403e-06
0.36562525050100203 9.572049203430073e-06
0.3726372745490982 1.782305714638185e-05
0.3796492985971944 3.2469283376795516e-05
0.3866613226452906 5.7907624426377385e-05
0.39367334669338677 0.00010116335154446565
0.40068537074148297 0.00017321271652283237
0.40769739478957917 0.00029083266954854067
0.41470941883767537 0.00047912022064320616
0.4217214428857715 0.0007748332580137093
0.4287334669338677 0.0012307014569571321
0.4357454909819639 0.0019208349850364603
0.4427575150300601 0.0029473149457173464
0.4497695390781563 0.004447978840642561
0.4567815631262525 0.006605314681210447
0.4637935871743487 0.00965624958029993
0.4708056112224449 0.013902467267422973
0.4778176352705411 0.019720722759759647
0.48482965931863725 0.02757245435294607
0.49184168336673345 0.03801183974855929
0.49885370741482965 0.05169132349487061
0.5058657314629259 0.06936357660122251
0.512877755511022 0.09187885426118794
0.5198897795591182 0.12017680824531739
0.5269018036072144 0.15527199471840303
0.5339138276553106 0.1982325960703545
0.5409258517034068 0.2501522378568271
0.547937875751503 0.31211521094553757
0.5549498997995992 0.3851558779062877
0.5619619238476954 0.4702135184787334
0.5689739478957916 0.5680843146433141
0.5759859719438878 0.6793725538182656
0.582997995991984 0.804443404262288
0.5900100200400802 0.9433797613086095
0.5970220440881764 1.0959456570396515
0.6040340681362726 1.2615585609428408
0.6110460921843688 1.439272578581186
0.6180581162324649 1.627774095022196
0.6250701402805611 1.8253908362469176
0.6320821643286573 2.030114670355252
0.6390941883767535 2.239637782405693
0.6461062124248497 2.4514011761635994
0.6531182364729459 2.6626538261157386
0.6601302605210421 2.870520263055326
0.6671422845691383 3.072073958726641
0.6741543086172345 3.264413602813042
0.6811663326653307 3.444739251967863
0.6881783567134269 3.6104253777885327
0.6951903807615231 3.7590880403094347
0.7022024048096193 3.8886437480932545
0.7092144288577155 3.9973580101207147
0.7162264529058117 4.083882107836259
0.7232384769539079 4.147277184394168
0.7302505010020041 4.187025328382094
0.7372625250501001 4.203027888905065
0.7442745490981963 4.195591769487438
0.7512865731462925 4.1654048866641995
0.7582985971943887 4.113502328526206
0.765310621242485 4.041224998721346
0.7723226452905811 3.950172679028632
0.7793346693386773 3.8421534913122106
0.7863466933867735 3.7191316954242137
0.7933587174348697 3.5831756356402864
0.8003707414829659 3.4364074595916545
0.8073827655310621 3.280955997161835
0.8143947895791583 3.1189139196342155
0.8214068136272545 2.9523000180539514
0.8284188376753507 2.783027159327736
0.8354308617234469 2.612876211881861
0.842442885771543 2.44347599000437
0.8494549098196392 2.2762890548177546
0.8564669338677354 2.1126030349227007
0.8634789579158316 1.9535269933155632
0.8704909819639278 1.7999922691524157
0.877503006012024 1.652757161385676
0.8845150300601202 1.5124147928789757
0.8915270541082164 1.3794034939593949
0.8985390781563126 1.254019068559011
0.9055511022044088 1.136428348980072
0.912563126252505 1.0266835018328209
0.9195751503006012 0.9247366131177877
0.9265871743486974 0.8304541505368493
0.9335991983967936 0.7436309723154508
0.9406112224448898 0.6640036211642398
0.947623246492986 0.5912627072347354
0.9546352705410822 0.5250642434009299
0.9616472945891783 0.46503984887573024
0.9686593186372745 0.4108057824983184
0.9756713426853707 0.36197080487291117
0.9826833667334669 0.3181428990974736
0.9896953907815631 0.27893490353571965
0.9967074148296593 0.24396912757030922
1.0037194388777555 0.21288103324708837
1.0107314629258517 0.18532207294602537
1.0177434869739477 0.1609617764657325
1.0247555110220439 0.13948918092828735
1.03176753507014 0.12061369439055143
1.0387795591182363 0.10406547961081514
1.0457915831663325 0.08959543861305733
1.0528036072144287 0.07697487198405845
1.0598156312625249 0.0659948796222757
1.066827655310621 0.05646556224960798
1.0738396793587173 0.04821507564875529
1.0808517034068135 0.04108858249093419
1.0878637274549097 0.03494713991056181
1.0948757515030059 0.0296665547605552
1.101887775551102 0.025136232803069626
1.1088997995991983 0.021258042985299437
1.1159118236472945 0.017945213424588637
1.1229238476953907 0.015121271769935444
1.1299358717434869 0.012719039193248112
1.136947895791583 0.010679684359408019
1.1439599198396793 0.008951841289297205
1.1509719438877755 0.007490793021021566
1.1579839679358717 0.006257721346831254
1.1649959919839679 0.0052190216121648205
1.172008016032064 0.004345680565703959
1.1790200400801603 0.0036127145044735865
1.1860320641282565 0.002998664427861213
1.1930440881763527 0.0024851445641654053
1.2000561122244489 0.002056440431507723
1.207068136272545 0.001699152513671584
1.2140801603206413 0.0014018816460462614
1.2210921843687375 0.0011549522959600194
1.2281042084168337 0.000950170066919419
1.2351162324649296 0.000780609942072211
1.2421282565130258 0.0006404319955698275
1.249140280561122 0.000524721530707866
1.2561523046092182 0.00042935084208722813
1.2631643286573144 0.00035086003866685307
1.2701763527054106 0.0002863546001137082
1.2771883767535068 0.00023341756625872408
1.284200400801603 0.0001900344758119832
1.2912124248496992 0.0001545293737756204
1.2982244488977954 0.0001255103959760028
1.3052364729458916 0.00010182361318676442
1.3122484969939878 8.251397628324618e-05
1.319260521042084 6.679234798193597e-05
1.3262725450901802 5.400773647991082e-05
1.3332845691382764 4.3623962424219345e-05
1.3402965931863726 3.5200093950727096e-05
1.3473086172344688 2.8374075960670808e-05
1.354320641282565 2.284906031670104e-05
1.3613326653306612 1.8382014212542992e-05
1.3683446893787574 1.4774245558794769e-05
1.3753567134268536 1.1863537753697682e-05
1.3823687374749498 9.517632545450608e-06
1.389380761523046 7.628839658251728e-06
1.3963927855711422 6.109586202118917e-06
1.4034048096192384 4.888748306714407e-06
1.4104168336673346 3.908632537550967e-06
1.4174288577154308 3.1224960319231065e-06
1.424440881763527 2.492512434426481e-06
1.4314529058116232 1.9881060641688603e-06
1.4384649298597194 1.5845897013612486e-06
1.4454769539078156 1.2620522852928119e-06
1.4524889779559118 1.0044519702624313e-06
1.459501002004008 7.988776528619039e-07
1.466513026052104 6.349484897304229e-07
1.4735250501002002 5.043262647874919e-07
1.4805370741482964 4.003199065633096e-07
1.4875490981963926 3.175651428440039e-07
1.4945611222444888 2.5176533349255844e-07
1.501573146292585 1.9948204664248748e-07
1.5085851703406812 1.5796602622693158e-07
1.5155971943887774 1.2502091404450591e-07
1.5226092184368736 9.88934995831102e-08
1.5296212424849698 7.81854279126826e-08
1.536633266533066 6.178224388196057e-08
1.5436452905811622 4.879642615019494e-08
1.5506573146292584 3.852169768237604e-08
1.5576693386773546 3.039641552016538e-08
1.5646813627254508 2.397426287212811e-08
1.571693386773547 1.8900808186722646e-08
1.5787054108216432 1.4894773195226929e-08
1.5857174348697394 1.1733076733703874e-08
1.5927294589178356 9.238903171675681e-09
1.5997414829659318 7.272191450636431e-09
1.606753507014028 5.722059589693717e-09
1.6137655310621242 4.5007753825682485e-09
1.6207775551102204 3.53896124523268e-09
1.6277895791583166 2.781783327082379e-09
1.6348016032064128 2.1859249604795464e-09
1.641813627254509 1.7171846422998457e-09
1.6488256513026052 1.3485709225596535e-09
1.6558376753507014 1.0587923637120669e-09
1.6628496993987976 8.310613795849015e-10
1.6698617234468938 6.521472752709213e-10
1.67687374749499 5.116270038566285e-10
1.683885771543086 4.012926899351988e-10
1.6908977955911821 3.146833725965418e-10
1.6979098196392783 2.4671511763824687e-10
1.7049218436873745 1.9338898201418399e-10
1.7119338677354707 1.5156055741523877e-10
1.718945891783567 1.1875819431412808e-10
1.7259579158316631 9.303968894776501e-11
1.7329699398797593 7.28793444772039e-11
1.7399819639278555 5.707900659036168e-11
1.7469939879759517 4.4698013037917476e-11
1.754006012024048 3.4998057774843646e-11
1.7610180360721441 2.739981071821303e-11
1.7680300601202403 2.144879918326724e-11
1.7750420841683365 1.678858307920577e-11
1.7820541082164327 1.3139671763472388e-11
1.789066132264529 1.0282958976254754e-11
1.7960781563126251 8.046711694470098e-12
1.8030901803607213 6.296353488627751e-12
1.8101022044088175 4.926444479789444e-12
1.8171142284569137 3.854387344659075e-12
1.82412625250501 3.0154891847361432e-12
1.8311382765531061 2.3590881426618554e-12
1.8381503006012023 1.8455159094757393e-12
1.8451623246492985 1.4437162728578693e-12
1.8521743486973947 1.129378414977126e-12
1.859186372745491 8.834739952226408e-13
1.8661983967935871 6.911108966209587e-13
1.8732104208416833 5.406352545355414e-13
1.8802224448897795 4.229281098337526e-13
1.8872344689378757 3.308545931067887e-13
1.894246492985972 2.588326268031712e-13
1.9012585170340681 2.0249525979900326e-13
1.9082705410821643 1.5842634229246128e-13
1.9152825651302603 1.239536370700486e-13
1.9222945891783565 9.698690495223421e-14
1.9293066132264527 7.589120103893704e-14
1.936318637274549 5.938773412441691e-14
1.943330661322645 4.647629993866668e-14
1.9503426853707413 3.637459833781924e-14
1.9573547094188375 2.8470762650210106e-14
1.9643667334669337 2.228622686770091e-14
1.97137875751503 1.7446680943982036e-14
1.978390781563126 1.3659353532387385e-14
1.9854028056112223 1.0695244402736985e-14
1.9924148296593185 8.375228521507182e-15
1.9994268537074147 6.5591883920247995e-15
2.006438877755511 5.13751486102849e-15
2.013450901803607 4.0244602756099605e-15
2.0204629258517035 3.152940292667386e-15
2.0274749498997995 2.4704685939576887e-15
2.0344869739478955 1.9359775625717047e-15
2.041498997995992 1.5173317956691152e-15
2.048511022044088 1.1893834236504962e-15
2.0555230460921843 9.32451129326436e-16
2.0625350701402803 7.3113050904793375e-16
2.0695470941883767 5.733635538531122e-16
2.0765591182364727 4.497107751264491e-16
2.083571142284569 3.527818125878141e-16
2.090583166332665 2.7678999089222556e-16
2.0975951903807615 2.1720382000712352e-16
2.1046072144288575 1.7047432161081019e-16
2.111619238476954 1.3382166702888957e-16
2.11863126252505 1.0506821166698012e-16
2.1256432865731463 8.250782543769112e-17
2.1326553106212423 6.480361951109488e-17
2.1396673346693387 5.090789069736484e-17
2.1466793587174346 3.9999450559971234e-17
2.153691382765531 3.1434558789112567e-17
2.160703406813627 2.4708503418756258e-17
2.1677154308617235 1.9425514169621323e-17
2.1747274549098194 1.5275198655147076e-17
2.181739478957916 1.2014084976133814e-17
2.188751503006012 9.451162260331586e-18
2.1957635270541083 7.436551668505503e-18
2.2027755511022042 5.852628904221979e-18
2.2097875751503007 4.607066758895062e-18
2.2167995991983966 3.627381632690972e-18
2.223811623246493 2.8566582834823818e-18
2.230823647294589 2.2501977347230816e-18
2.2378356713426855 1.772888592389266e-18
2.2448476953907814 1.3971453233352428e-18
2.2518597194388774 1.1012909467041116e-18
2.258871743486974 8.682881312435238e-19
2.26588376753507 6.847434740684608e-19
2.2728957915831662 5.401260119772551e-19
2.279907815631262 4.2615376393069405e-19
2.2869198396793586 3.363120888283539e-19
2.2939318637274546 2.654754657488615e-19
2.300943887775551 2.0961043352365954e-19
2.307955911823647 1.6554223010127324e-19
2.3149679358717434 1.307714370751184e-19
2.3219799599198394 1.0332988602633068e-19
2.328991983967936 8.166739716366295e-20
2.336004008016032 6.456273509361118e-20
2.3430160320641282 5.105358947465118e-20
2.350028056112224 4.0381504430826024e-20
2.3570400801603206 3.194855621792695e-20
2.3640521042084166 2.528326569153086e-20
2.371064128256513 2.0013771320050253e-20
2.378076152304609 1.5846711714293544e-20
2.3850881763527054 1.2550598908435943e-20
2.3921002004008014 9.942724524807916e-21
2.399112224448898 7.878845852969247e-21
2.406124248496994 6.245059822407908e-21
2.41313627254509 4.9513992988422164e-21
2.420148296593186 3.926785500292632e-21
2.4271603206412826 3.1150484273965536e-21
2.4341723446893786 2.471788597213508e-21
2.441184368737475 1.961901643271407e-21
2.448196392785571 1.5576253088909024e-21
2.4552084168336674 1.2369982236845297e-21
2.4622204408817634 9.82643348303971e-22
2.4692324649298594 7.808074616936172e-22
2.476244488977956 6.206026180231502e-22
2.4832565130260518 4.934069576048782e-22
2.490268537074148 3.9239127797816853e-22
2.497280561122244 3.1214487715322012e-22
2.5042925851703406 2.4837977892933194e-22
2.5113046092184366 1.9769686121168518e-22
2.518316633266533 1.574008847904328e-22
2.525328657314629 1.2535416071092557e-22
2.5323406813627254 9.986075541258957e-23
2.5393527054108214 7.95748372247502e-23
2.546364729458918 6.342811238395827e-23
2.5533767535070138 5.0572359697900075e-23
2.56038877755511 4.0333910348270344e-23
2.567400801603206 3.2177580378837676e-23
2.5744128256513026 2.5678085404829213e-23
2.5814248496993986 2.0497379360306246e-23
2.588436873747495 1.6366684808865815e-23
2.595448897795591 1.307223972174498e-23
2.6024609218436874 1.0443989061144596e-23
2.6094729458917834 8.346610341914147e-24
2.61648496993988 6.672389533335175e-24
2.6234969939879758 5.3355642687940525e-24
2.630509018036072 4.267830930495676e-24
2.637521042084168 3.41477517126706e-24
2.6445330661322646 2.7330353023300263e-24
2.6515450901803606 2.1880474606920042e-24
2.658557114228457 1.752252742045547e-24
2.665569138276553 1.4036712593448207e-24
2.6725811623246494 1.1247677188157499e-24
2.6795931863727454 9.015486656523452e-25
2.6866052104208418 7.228438885187928e-25
2.6936172344689377 5.797342556223424e-25
2.7006292585170337 4.650960160011166e-25
2.70764128256513 3.73237757623419e-25
2.714653306613226 2.9961110128528726e-25
2.7216653306613225 2.4058008930954968e-25
2.7286773547094185 1.9323730915387403e-25
2.735689378757515 1.5525723938270535e-25
2.742701402805611 1.247792499312759e-25
2.7497134268537073 1.0031423393481211e-25
2.7567254509018033 8.067007687210994e-26
2.7637374749498997 6.489214561773462e-26
2.7707494989979957 5.22157569651754e-26
2.777761523046092 4.20282033405945e-26
2.784773547094188 3.3838405368826585e-26
2.7917855711422845 2.725265255784551e-26
2.7987975951903805 2.1955205185967546e-26
2.805809619238477 1.7692778831778885e-26
2.812821643286573 1.426213085100776e-26
2.8198336673346693 1.1500125785920991e-26
2.8268456913827653 9.275782386692017e-27
2.8338577154308617 7.483905147374948e-27
2.8408697394789577 6.039983195313621e-27
2.847881763527054 4.8761031462085614e-27
2.85489378757515 3.937673429958961e-27
2.8619058116232465 3.1807982176350042e-27
2.8689178356713425 2.5701715181324462e-27
2.875929859719439 2.0773879213619825e-27
2.882941883767535 1.6795871635460976e-27
2.8899539078156313 1.3583662315065276e-27
2.8969659318637273 1.0989059454874643e-27
2.9039779559118237 8.892695328606671e-28
2.9109899799599197 7.1983916143048785e-28
2.918002004008016 5.828631665664414e-28
2.925014028056112 4.7209212066299655e-28
2.932026052104208 3.8248622755933005e-28
2.9390380761523045 3.09979995018199e-28
2.9460501002004005 2.512929180519697e-28
2.953062124248497 2.0377713292422387e-28
2.960074148296593 1.6529478642908529e-28
2.9670861723446893 1.3411929579341393e-28
2.9740981963927853 1.088558218118668e-28
2.9811102204408817 8.837719803940019e-29
2.9881222444889777 7.17722971751679e-29
2.995134268537074 5.830440830260536e-29
3.00214629258517 4.7377674322625855e-29
3.0091583166332665 3.8510020885471564e-29
3.0161703406813625 3.1311314938469326e-29
3.023182364729459 2.5465737519799126e-29
3.030194388777555 2.0717553549811374e-29
3.0372064128256513 1.6859620646108805e-29
3.0442184368737473 1.3724107070114002e-29
3.0512304609218437 1.1174991939473361e-29
3.0582424849699397 9.102003737262907e-30
3.065254509018036 7.415719867694899e-30
3.072266533066132 6.0436037214493756e-30
3.0792785571142285 4.92679896926621e-30
3.0862905811623245 4.017535646145858e-30
3.093302605210421 3.277030664205215e-30
3.100314629258517 2.6737880210177866e-30
3.1073266533066133 2.182222214056928e-30
3.1143386773547093 1.7815430845809292e-30
3.1213507014028057 1.4548521827611659e-30
3.1283627254509017 1.1884103226390129e-30
3.135374749498998 9.710437252987482e-31
3.142386773547094 7.936623894538837e-31
3.14939879759519 6.488693687134948e-31
3.1564108216432865 5.306437063109978e-31
3.1634228456913824 4.340830680982617e-31
3.170434869739479 3.5519477389171887e-31
3.177446893787575 2.9072607733396084e-31
3.1844589178356713 2.3802628330075734e-31
3.1914709418837672 1.9493469858520015e-31
3.1984829659318637 1.5968954989960889e-31
3.2054949899799596 1.3085392462267748e-31
3.212507014028056 1.072555357315062e-31
3.219519038076152 8.793771654765937e-32
3.2265310621242485 7.211954039256781e-32
3.2335430861723444 5.916335688619304e-32
3.240555110220441 4.8548358129150115e-32
3.247567134268537 3.9849048687905694e-32
3.2545791583166332 3.271770472240205e-32
3.2615911823647292 2.6870079112512203e-32
3.2686032064128256 2.207374862403044e-32
3.2756152304609216 1.8138612133381587e-32
3.282627254509018 1.4909140662595474e-32
3.289639278557114 1.2258054478663976e-32
3.2966513026052104 1.0081163037302172e-32
3.3036633266533064 8.293152736182157e-33
3.310675350701403 6.824147422953662e-33
3.317687374749499 5.616899110583617e-33
3.3246993987975952 4.624492790899578e-33
3.331711422845691 3.808470745729851e-33
3.3387234468937876 3.1372992577982385e-33
3.3457354709418836 2.5851148705448826e-33
3.35274749498998 2.1306989461244216e-33
3.359759519038076 1.7566387183811363e-33
3.366771543086172 1.4486407341569239e-33
3.3737835671342684 1.1949688481242829e-33
3.3807955911823644 9.85984048586102e-34
3.387807615230461 8.137675598914153e-34
3.394819639278557 6.718120665482537e-34
3.401831663326653 5.5476867732001405e-34
3.408843687374749 4.582395105568629e-34
3.4158557114228456 3.7860762911854166e-34
3.4228677354709416 3.1289756132787138e-34
3.429879759519038 2.586608760141517e-34
3.436891783567134 2.138822858194349e-34
3.4439038076152304 1.7690257506183492e-34
3.4509158316633264 1.4635532040873655e-34
3.457927855711423 1.2111492198568632e-34
3.464939879759519 1.002539118196677e-34
3.471951903807615 8.300787402609778e-35
3.478963927855711 6.874661185908667e-35
3.4859759519038076 5.695044286209109e-35
3.4929879759519036 4.7190704846774893e-35
3.5 3.9113720427827314e-35
