0.001 3.355230716924698e-121
0.008012024048096193 1.9867856318839235e-116
0.015024048096192386 5.36945324186677e-113
0.022036072144288578 7.440020260964947e-110
0.02904809619238477 7.016357807046294e-107
0.03606012024048096 4.9702873371883665e-104
0.043072144288577155 2.77473799336235e-101
0.05008416833667335 1.2556618934466725e-98
0.05709619238476954 4.6933575000229616e-96
0.06410821643286574 1.4688952704854242e-93
0.07112024048096192 3.8905739891123636e-91
0.07813226452905811 8.796891388621365e-89
0.08514428857715431 1.7105783530874734e-86
0.09215631262525051 2.879075152286089e-84
0.0991683366733467 4.218466870533135e-82
0.10618036072144288 5.408912427775608e-80
0.11319238476953908 6.098114391910577e-78
0.12020440881763528 6.072069466714903e-76
0.12721643286573148 5.3620655983703725e-74
0.13422845691382765 4.215726946465039e-72
0.14124048096192385 2.961793917533747e-70
0.14825250501002005 1.8659231257884877e-68
0.15526452905811622 1.0576211485485194e-66
0.16227655310621242 5.410513817130188e-65
0.16928857715430862 2.5057227236825667e-63
0.17630060120240482 1.0535916285032778e-61
0.18331262525050102 4.0333313112400096e-60
0.1903246492985972 1.4095085298306892e-58
0.1973366733466934 4.508159718388046e-57
0.20434869739478959 1.3229170115730251e-55
0.21136072144288576 3.570281297633804e-54
0.21837274549098196 8.881916051202998e-53
0.22538476953907816 2.0413064364166035e-51
0.23239679358717436 4.343469959170105e-50
0.23940881763527055 8.574143960037906e-49
0.24642084168336673 1.5733969540470025e-47
0.25343286573146295 2.6891750006834037e-46
0.2604448897795591 4.288894536678906e-45
0.2674569138276553 6.394452958770651e-44
0.2744689378757515 8.928002991180893e-43
0.2814809619238477 1.1693253415318637e-41
0.2884929859719439 1.438999740162851e-40
0.2955050100200401 1.6665660704233988e-39
0.3025170340681363 1.8192474386267896e-38
0.30952905811623244 1.8746448253066426e-37
0.31654108216432864 1.8261446905650065e-36
0.32355310621242483 1.6840401660835722e-35
0.33056513026052103 1.472192929441956e-34
0.33757715430861723 1.2216547309471299e-33
0.34458917835671343 9.635256763593115e-33
0.35160120240480963 7.231901232887642e-32
0.35861322645290583 5.171823589640067e-31
0.36562525050100203 3.528169537709677e-30
0.3726372745490982 2.2986222698539267e-29
0.3796492985971944 1.4317987573411992e-28
0.3866613226452906 8.53616338359905e-28
0.39367334669338677 4.876035027646266e-27
0.40068537074148297 2.6713976728253936e-26
0.40769739478957917 1.4051085164494333e-25
0.41470941883767537 7.102330168585514e-25
0.4217214428857715 3.453186907458874e-24
0.4287334669338677 1.6164600936753638e-23
0.4357454909819639 7.291589823264335e-23
0.4427575150300601 3.172254751786889e-22
0.4497695390781563 1.332197512580767e-21
0.4567815631262525 5.404808316606157e-21
0.4637935871743487 2.120069057503092e-20
0.4708056112224449 8.046657278056923e-20
0.4778176352705411 2.957369967139505e-19
0.48482965931863725 1.0532724778809272e-18
0.49184168336673345 3.637748465275017e-18
0.49885370741482965 1.2192290247312138e-17
0.5058657314629259 3.968209793313282e-17
0.512877755511022 1.2550154478213406e-16
0.5198897795591182 3.8594878260446403e-16
0.5269018036072144 1.1548094555989016e-15
0.5339138276553106 3.364015604648866e-15
0.5409258517034068 9.546252638533263e-15
0.547937875751503 2.6405160283577962e-14
0.5549498997995992 7.123165469323753e-14
0.5619619238476954 1.8751103464111256e-13
0.5689739478957916 4.819316682065297e-13
0.5759859719438878 1.209980613405957e-12
0.582997995991984 2.9691321095843312e-12
0.5900100200400802 7.124545843071067e-12
0.5970220440881764 1.6725322167139825e-11
0.6040340681362726 3.843168107666864e-11
0.6110460921843688 8.647783199422365e-11
0.6180581162324649 1.9064209734450174e-10
0.6250701402805611 4.1193129297523647e-10
0.6320821643286573 8.727934998275522e-10
0.6390941883767535 1.8141086053847374e-09
0.6461062124248497 3.7004975349272268e-09
0.6531182364729459 7.411016800302838e-09
0.6601302605210421 1.4577666780174285e-08
0.6671422845691383 2.8174648689061692e-08
0.6741543086172345 5.352456374664786e-08
0.6811663326653307 9.998434655463962e-08
0.6881783567134269 1.8371795584899256e-07
0.6951903807615231 3.3217338498305303e-07
0.7022024048096193 5.911819538877059e-07
0.7092144288577155 1.0360166518189628e-06
0.7162264529058117 1.788316560440507e-06
0.7232384769539079 3.0415422423129072e-06
0.7302505010020041 5.098609083081928e-06
0.7372625250501001 8.426585053730251e-06
0.7442745490981963 1.3734860168350702e-05
0.7512865731462925 2.2085004580344346e-05
0.7582985971943887 3.504261324784644e-05
0.765310621242485 5.488373532107598e-05
0.7723226452905811 8.487090976388369e-05
0.7793346693386773 0.00012961622687912306
0.7863466933867735 0.00019555100226094973
0.7933587174348697 0.0002915233202349337
0.8003707414829659 0.0004295455590083785
0.8073827655310621 0.0006257136886951587
0.8143947895791583 0.0009013182540313224
0.8214068136272545 0.0012841631416223266
0.8284188376753507 0.001810102156846698
0.8354308617234469 0.002524794854218475
0.842442885771543 0.003485671863894184
0.8494549098196392 0.004764086196308057
0.8564669338677354 0.006447610956438855
0.8634789579158316 0.00864242606301367
0.8704909819639278 0.011475717692718084
0.877503006012024 0.015097995232835334
0.8845150300601202 0.01968521270220534
0.8915270541082164 0.02544056620475124
0.8985390781563126 0.03259582738974826
0.9055511022044088 0.041412066455462096
0.912563126252505 0.05217961816042342
0.9195751503006012 0.06521715157248213
0.9265871743486974 0.08086971952517996
0.9335991983967936 0.09950568717964244
0.9406112224448898 0.12151247044705409
0.947623246492986 0.14729105354791364
0.9546352705410822 0.1772492994118542
0.9616472945891783 0.211794115249637
0.9686593186372745 0.2513225863820158
0.9756713426853707 0.2962122419539219
0.9826833667334669 0.3468106640334503
0.9896953907815631 0.40342469434435924
0.9967074148296593 0.4663095282187669
1.0037194388777555 0.5356580112898047
1.0107314629258517 0.6115904693928979
1.0177434869739477 0.6941454050361046
1.0247555110220439 0.7832713841282042
1.03176753507014 0.8788204145033957
1.0387795591182363 0.980543083821346
1.0457915831663325 1.0880856798572571
1.0528036072144287 1.2009894627034514
1.0598156312625249 1.3186921980299153
1.066827655310621 1.4405319956096978
1.0738396793587173 1.5657534302671272
1.0808517034068135 1.6935158557439856
1.0878637274549097 1.8229037581113883
1.0948757515030059 1.9529389365119432
1.101887775551102 2.0825942471609196
1.1088997995991983 2.210808603297111
1.1159118236472945 2.3365028904051313
1.1229238476953907 2.4585964333760293
1.1299358717434869 2.576023640762226
1.136947895791583 2.6877504509395207
1.1439599198396793 2.7927902154540627
1.1509719438877755 2.890218675399469
1.1579839679358717 2.9791877163306637
1.1649959919839679 3.058937624719914
1.172008016032064 3.1288076128484144
1.1790200400801603 3.1882444277231548
1.1860320641282565 3.2368089114615755
1.1930440881763527 3.274180433929049
1.2000561122244489 3.300159171622021
1.207068136272545 3.314666258329109
1.2140801603206413 3.3177418815759987
1.2210921843687375 3.3095414430433
1.2281042084168337 3.2903299400169503
1.2351162324649296 3.2604747576898574
1.2421282565130258 3.220437088217484
1.249140280561122 3.1707622115149126
1.2561523046092182 3.112068884778439
1.2631643286573144 3.045038092752868
1.2701763527054106 2.970401409180302
1.2771883767535068 2.8889292121685446
1.284200400801603 2.801418983065802
1.2912124248496992 2.708683900596186
1.2982244488977954 2.611541920350883
1.3052364729458916 2.510805505141534
1.3122484969939878 2.4072721451163996
1.319260521042084 2.30171577880824
1.3262725450901802 2.1948791982712694
1.3332845691382764 2.087467493948625
1.3402965931863726 1.9801425685785765
1.3473086172344688 1.8735187248820142
1.354320641282565 1.768159309449258
1.3613326653306612 1.6645743755201037
1.3683446893787574 1.5632193104722971
1.3753567134268536 1.4644943599361446
1.3823687374749498 1.3687449695712801
1.389380761523046 1.2762628576196997
1.3963927855711422 1.18728772625297
1.4034048096192384 1.1020095172626763
1.4104168336673346 1.020571117553229
1.4174288577154308 0.9430714219006942
1.424440881763527 0.8695686642334588
1.4314529058116232 0.8000839339533773
1.4384649298597194 0.7346048002336588
1.4454769539078156 0.6730889744967632
1.4524889779559118 0.615467949104876
1.459501002004008 0.5616505584243411
1.466513026052104 0.5115264166196783
1.4735250501002002 0.4649691945897411
1.4805370741482964 0.4218397062083573
1.4875490981963926 0.3819887813371154
1.4945611222444888 0.3452599098336099
1.501573146292585 0.31149164690882525
1.5085851703406812 0.2805197756444178
1.5155971943887774 0.2521792272408357
1.5226092184368736 0.22630576362804705
1.5296212424849698 0.2027374304476024
1.536633266533066 0.18131579113780213
1.5436452905811622 0.16188695496413388
1.5506573146292584 0.14430241338450578
1.5576693386773546 0.1284197001782666
1.5646813627254508 0.1141028913579188
1.571693386773547 0.10122296108218734
1.5787054108216432 0.08965800965741706
1.5857174348697394 0.07929337930778206
1.5927294589178356 0.07002167276691845
1.5997414829659318 0.06174268894378942
1.606753507014028 0.054363288988724764
1.6137655310621242 0.04779720507166228
1.6207775551102204 0.04196480311865674
1.6277895791583166 0.03679280966475496
1.6348016032064128 0.03221401189659668
1.641813627254509 0.028166938897277796
1.6488256513026052 0.024595531085595503
1.6558376753507014 0.021448803874430152
1.6628496993987976 0.018680510667948746
1.6698617234468938 0.016248809480774885
1.67687374749499 0.014115936697915443
1.683885771543086 0.01224789080354148
1.6908977955911821 0.010614128289361459
1.6979098196392783 0.009187273407518806
1.7049218436873745 0.007942842955780072
1.7119338677354707 0.006858986870490595
1.718945891783567 0.005916245050990029
1.7259579158316631 0.005097320543144801
1.7329699398797593 0.004386868964398721
1.7399819639278555 0.003771303853238896
1.7469939879759517 0.0032386174672530904
1.754006012024048 0.002778216431204872
1.7610180360721441 0.002380771545188373
1.7680300601202403 0.0020380809986408244
1.7750420841683365 0.0017429461947973304
1.7820541082164327 0.0014890593684150422
1.789066132264529 0.0012709021739627086
1.7960781563126251 0.0010836544290016268
1.8030901803607213 0.0009231122155448991
1.8101022044088175 0.0007856145684661381
1.8171142284569137 0.0006679780125313342
1.82412625250501 0.0005674382466265261
1.8311382765531061 0.00048159831378613723
1.8381503006012023 0.0004083826374652204
1.8451623246492985 0.0003459963471280519
1.8521743486973947 0.00029288935881821316
1.859186372745491 0.00024772471827051793
1.8661983967935871 0.0002093507548060363
1.8732104208416833 0.00017677663332626515
1.8802224448897795 0.00014915092890564
1.8872344689378757 0.00012574288357765508
1.894246492985972 0.00010592603779820291
1.9012585170340681 8.916395969152068e-05
1.9082705410821643 7.499782353032708e-05
1.9152825651302603 6.303561500311555e-05
1.9222945891783565 5.294276473974542e-05
1.9293066132264527 4.4434033386337045e-05
1.936318637274549 3.726649134377932e-05
1.943330661322645 3.123345422421006e-05
1.9503426853707413 2.6159251256950963e-05
1.9573547094188375 2.189471841336471e-05
1.9643667334669337 1.8313321043280728e-05
1.97137875751503 1.5307822446568963e-05
1.978390781563126 1.2787425161188243e-05
1.9854028056112223 1.0675320947805401e-05
1.9924148296593185 8.90659359933707e-06
1.9994268537074147 7.426425903557856e-06
2.006438877755511 6.188568433544134e-06
2.013450901803607 5.154033422544484e-06
2.0204629258517035 4.289981878320515e-06
2.0274749498997995 3.568776381722125e-06
2.0344869739478955 2.9671757632899555e-06
2.041498997995992 2.4656511217897193e-06
2.048511022044088 2.0478054955811064e-06
2.0555230460921843 1.6998819718585437e-06
2.0625350701402803 1.4103471651254515e-06
2.0695470941883767 1.1695388550444002e-06
2.0765591182364727 9.693681809196834e-07
2.083571142284569 8.030681773685356e-07
2.090583166332665 6.649816314393614e-07
2.0975951903807615 5.503822704502016e-07
2.1046072144288575 4.5532417409720924e-07
2.111619238476954 3.765150632006174e-07
2.11863126252505 3.112097677201263e-07
2.1256432865731463 2.571207331638433e-07
2.1326553106212423 2.12342900138611e-07
2.1396673346693387 1.7529069777976465e-07
2.1466793587174346 1.4464523792285703e-07
2.153691382765531 1.1931009161063191e-07
2.160703406813627 9.837428020322386e-08
2.1677154308617235 8.108132631970548e-08
2.1747274549098194 6.680339055798038e-08
2.181739478957916 5.5019673131953596e-08
2.188751503006012 4.529838928566397e-08
2.1957635270541083 3.7281737075987804e-08
2.2027755511022042 3.067336884542578e-08
2.2097875751503007 2.5227955991417523e-08
2.2167995991983966 2.074250266545357e-08
2.223811623246493 1.704911967107336e-08
2.230823647294589 1.4009016667137936e-08
2.2378356713426855 1.1507510177675883e-08
2.2448476953907814 9.449878015854319e-09
2.2518597194388774 7.757918527319524e-09
2.258871743486974 6.367096379123601e-09
2.26588376753507 5.224176169711166e-09
2.2728957915831662 4.285261509987876e-09
2.279907815631262 3.514170930233962e-09
2.2869198396793586 2.8810934291552817e-09
2.2939318637274546 2.3614760597622706e-09
2.300943887775551 1.935103945621765e-09
2.307955911823647 1.5853397960999364e-09
2.3149679358717434 1.298495555725259e-09
2.3219799599198394 1.0633134617248689e-09
2.328991983967936 8.705376471355978e-10
2.336004008016032 7.125606422597357e-10
2.3430160320641282 5.831318016155354e-10
2.350028056112224 4.771169065781761e-10
2.3570400801603206 3.9030004067121505e-10
2.3640521042084166 3.192203677420356e-10
2.371064128256513 2.610377155193014e-10
2.378076152304609 2.13421922146239e-10
2.3850881763527054 1.7446177779867889e-10
2.3921002004008014 1.4259011795050707e-10
2.399112224448898 1.1652222467583995e-10
2.406124248496994 9.520518876308977e-11
2.41313627254509 7.777629599386528e-11
2.420148296593186 6.352884037736254e-11
2.4271603206412826 5.188404762083599e-11
2.4341723446893786 4.236802378840795e-11
2.441184368737475 3.4592835363380445e-11
2.448196392785571 2.8240984761751886e-11
2.4552084168336674 2.3052675533474627e-11
2.4622204408817634 1.8815368829603684e-11
2.4692324649298594 1.5355221180788304e-11
2.476244488977956 1.2530066515075925e-11
2.4832565130260518 1.0223665362590992e-11
2.490268537074148 8.340993602593801e-12
2.497280561122244 6.804383765705264e-12
2.5042925851703406 5.550365348344686e-12
2.5113046092184366 4.5270780975957756e-12
2.518316633266533 3.6921548310405055e-12
2.525328657314629 3.010988932559843e-12
2.5323406813627254 2.455316925034755e-12
2.5393527054108214 2.0020590524095427e-12
2.546364729458918 1.632371091308724e-12
2.5533767535070138 1.3308690555346304e-12
2.56038877755511 1.0849953839969225e-12
2.567400801603206 8.845008844833052e-13
2.5744128256513026 7.210213647542143e-13
2.5814248496993986 5.877317018091043e-13
2.588436873747495 4.790632303373017e-13
2.595448897795591 3.9047289604180835e-13
2.6024609218436874 3.1825472034211177e-13
2.6094729458917834 2.593858434020136e-13
2.61648496993988 2.1140082102897759e-13
2.6234969939879758 1.7228900401241114e-13
2.630509018036072 1.4041077207225559e-13
2.637521042084168 1.1442916664597304e-13
2.6445330661322646 9.325409830627922e-14
2.6515450901803606 7.599682113549401e-14
2.658557114228457 6.193278875310981e-14
2.665569138276553 5.0471352001723763e-14
2.6725811623246494 4.113104055071205e-14
2.6795931863727454 3.351940135019183e-14
2.6866052104208418 2.731655535360982e-14
2.6936172344689377 2.2261787915920678e-14
2.7006292585170337 1.8142614059269273e-14
2.70764128256513 1.4785862529228363e-14
2.714653306613226 1.2050406454704087e-14
2.7216653306613225 9.821236919301097e-15
2.7286773547094185 8.004631668861965e-15
2.735689378757515 6.5242168226434405e-15
2.742701402805611 5.317756707224953e-15
2.7497134268537073 4.334537331661269e-15
2.7567254509018033 3.533233827129598e-15
2.7637374749498997 2.8801724117243403e-15
2.7707494989979957 2.347913950352723e-15
2.777761523046092 1.9140996462694477e-15
2.784773547094188 1.5605103843742725e-15
2.7917855711422845 1.2723002039588412e-15
2.7987975951903805 1.0373716832052184e-15
2.805809619238477 8.458669739198205e-16
2.812821643286573 6.897530812712565e-16
2.8198336673346693 5.624839424979383e-16
2.8268456913827653 4.587250861511459e-16
2.8338577154308617 3.741292844498388e-16
2.8408697394789577 3.051537558860901e-16
2.847881763527054 2.4891122316921877e-16
2.85489378757515 2.0304855620545924e-16
2.8619058116232465 1.656478908302927e-16
2.8689178356713425 1.3514606016971636e-16
2.875929859719439 1.1026894653320818e-16
2.882941883767535 8.997799002780757e-17
2.8899539078156313 7.342660203614674e-17
2.8969659318637273 5.992464884874477e-17
2.9039779559118237 4.8909510629018936e-17
2.9109899799599197 3.992249782079489e-17
2.918002004008016 3.258963273892148e-17
2.925014028056112 2.6605987914043212e-17
2.932026052104208 2.1722922534241037e-17
2.9390380761523045 1.7737680348075924e-17
2.9460501002004005 1.4484911806151573e-17
2.953062124248497 1.1829764210583036e-17
2.960074148296593 9.662249626707623e-18
2.9670861723446893 7.892654069835784e-18
2.9740981963927853 6.447795277505407e-18
2.9811102204408817 5.2679720604338834e-18
2.9881222444889777 4.304477297047138e-18
2.995134268537074 3.517570322242333e-18
3.00214629258517 2.874823759064351e-18
3.0091583166332665 2.3497755653472487e-18
3.0161703406813625 1.9208298785385235e-18
3.023182364729459 1.5703606805142081e-18
3.030194388777555 1.2839808098422751e-18
3.0372064128256513 1.049945779786727e-18
3.0442184368737473 8.586675081337941e-19
3.0512304609218437 7.023176673398737e-19
3.0582424849699397 5.745041141854303e-19
3.065254509018036 4.700069148145619e-19
3.072266533066132 3.8456297226322712e-19
3.0792785571142285 3.146902940291343e-19
3.0862905811623245 2.575445922178056e-19
3.093302605210421 2.1080225780861433e-19
3.100314629258517 1.7256485024869755e-19
3.1073266533066133 1.412811400370286e-19
3.1143386773547093 1.1568347279924892e-19
3.1213507014028057 9.473581920763805e-20
3.1283627254509017 7.759136093110069e-20
3.135374749498998 6.355785894752902e-20
3.142386773547094 5.206937359201704e-20
3.14939879759519 4.2663169157747564e-20
3.1564108216432865 3.496085072233665e-20
3.1634228456913824 2.865295611429458e-20
3.170434869739479 2.3486368876479346e-20
3.177446893787575 1.9254034688002356e-20
3.1844589178356713 1.5786558833079362e-20
3.1914709418837672 1.294533991697776e-20
3.1984829659318637 1.0616958355539858e-20
3.2054949899799596 8.708589839490822e-21
3.212507014028056 7.144256145161007e-21
3.219519038076152 5.8617600804567304e-21
3.2265310621242485 4.810179446795234e-21
3.2335430861723444 3.947817828837328e-21
3.240555110220441 3.2405287439757004e-21
3.247567134268537 2.6603449673947866e-21
3.2545791583166332 2.184357328025072e-21
3.2615911823647292 1.793797461420929e-21
3.2686032064128256 1.4732873280678212e-21
3.2756152304609216 1.2102251030507961e-21
3.282627254509018 9.942825953999073e-22
3.289639278557114 8.169938912814546e-22
3.2966513026052104 6.714186210131529e-22
3.3036633266533064 5.518662778611942e-22
3.310675350701403 4.536704909683377e-22
3.317687374749499 3.7300417699487436e-22
3.3246993987975952 3.0672814793092396e-22
3.331711422845691 2.5226710367152353e-22
3.3387234468937876 2.0750804254269408e-22
3.3457354709418836 1.7071702611430528e-22
3.35274749498998 1.404709731562771e-22
3.359759519038076 1.1560176156744923e-22
3.366771543086172 9.515041110054069e-23
3.3737835671342684 7.832952379660042e-23
3.3807955911823644 6.449248962899443e-23
3.387807615230461 5.31082353430453e-23
3.394819639278557 4.3740515816093675e-23
3.401831663326653 3.603092840597334e-23
3.408843687374749 2.968497902180419e-23
3.4158557114228456 2.4460650021617037e-23
3.4228677354709416 2.0159019408105757e-23
3.429879759519038 1.661656215605586e-23
3.436891783567134 1.369883113358921e-23
3.4439038076152304 1.1295269649344777e-23
3.4509158316633264 9.314952357284224e-24
3.457927855711423 7.683087870042143e-24
3.464939879759519 6.338146435295002e-24
3.471951903807615 5.2295006159027735e-24
3.478963927855711 4.3154870644206905e-24
3.4859759519038076 3.5618139986953614e-24
3.4929879759519036 2.9402525247852246e-24
3.5 2.427561054327924e-24
